SZAVAZOKOR,VALASZTOPOLGAR,MEGJELENTEK,URNABAN_BELYEGZES_NELKULI,URNABAN_LEBELYEGZETT,ELTERES,ERVENYTELEN,ERVENYES
01-001-001,1241,923,0,923,0,2,921
01-001-002,1299,942,0,942,0,9,933
01-001-003,1273,831,1,831,0,4,827
01-001-004,1240,509,0,508,-1,17,491
01-001-005,1393,993,0,992,-1,8,984
01-001-006,1192,864,0,851,-13,7,844
01-001-007,1119,796,0,794,-2,6,788
01-001-008,1222,861,0,861,0,7,854
01-001-009,1115,820,0,821,1,14,807
01-001-010,1221,873,0,871,-2,4,867
01-001-011,1306,883,1,883,0,6,877
01-001-012,1147,827,0,826,-1,4,822
01-001-013,1305,918,0,916,-2,1,915
01-001-014,1215,834,0,835,1,14,821
01-001-015,1266,903,0,902,-1,6,896
01-001-016,1154,810,0,808,-2,4,804
01-002-001,980,684,1,682,-2,5,677
01-002-002,903,633,1,633,0,5,628
01-002-003,671,435,0,435,0,3,432
01-002-004,1053,730,0,728,-2,3,725
01-002-005,1099,803,0,800,-3,4,796
01-002-006,873,635,0,634,-1,2,632
01-002-007,822,602,0,604,2,21,583
01-002-008,934,666,0,665,-1,4,661
01-002-009,866,624,1,624,0,8,616
01-002-010,716,544,0,544,0,2,542
01-002-011,608,438,0,435,-3,5,430
01-002-012,1014,794,0,793,-1,5,788
01-002-013,698,499,0,499,0,2,497
01-002-014,861,639,0,639,0,6,633
01-002-015,763,553,0,555,2,20,535
01-002-016,1128,704,0,706,2,29,677
01-002-017,825,624,0,624,0,5,619
01-002-018,725,558,0,558,0,1,557
01-002-019,845,614,0,612,-2,3,609
01-002-020,852,638,0,638,0,5,633
01-002-021,869,645,0,646,1,14,632
01-002-022,851,614,0,614,0,3,611
01-002-023,870,663,0,665,2,24,641
01-002-024,976,722,0,722,0,2,720
01-002-025,866,631,1,631,0,5,626
01-002-026,861,670,0,670,0,4,666
01-002-027,726,547,0,545,-2,6,539
01-002-028,654,473,0,474,1,15,459
01-002-029,506,362,0,362,0,2,360
01-002-030,597,441,0,441,0,4,437
01-002-031,1097,775,0,775,0,2,773
01-002-032,931,706,0,706,0,6,700
01-002-033,848,667,0,668,1,18,650
01-002-034,765,530,0,531,1,12,519
01-002-035,886,652,1,646,-6,4,642
01-002-036,881,677,0,667,-10,4,663
01-002-037,902,661,0,660,-1,6,654
01-002-038,1030,770,0,770,0,8,762
01-002-039,993,765,0,765,0,8,757
01-002-040,847,634,0,636,2,27,609
01-002-041,804,589,0,587,-2,8,579
01-002-042,803,585,0,585,0,5,580
01-002-043,852,624,0,621,-3,4,617
01-002-044,972,745,0,744,-1,4,740
01-002-045,907,654,0,654,0,4,650
01-002-046,891,695,0,695,0,2,693
01-002-047,939,710,0,710,0,2,708
01-002-048,902,672,1,666,-6,3,663
01-002-049,918,697,0,696,-1,9,687
01-002-050,885,619,0,619,0,4,615
01-002-051,740,578,1,577,-1,6,571
01-002-052,673,494,0,492,-2,3,489
01-002-053,681,529,0,527,-2,5,522
01-002-054,987,680,0,678,-2,6,672
01-002-055,860,621,0,623,2,27,596
01-002-056,755,531,0,531,0,5,526
01-002-057,747,573,0,572,-1,6,566
01-002-058,949,632,1,629,-3,2,627
01-002-059,772,563,0,564,1,15,549
01-002-060,786,535,0,532,-3,4,528
01-002-061,899,639,0,637,-2,2,635
01-002-062,618,421,0,418,-3,5,413
01-002-063,801,588,0,588,0,3,585
01-002-064,839,590,0,590,0,7,583
01-002-065,907,631,0,631,0,3,628
01-002-066,948,648,0,645,-3,6,639
01-002-067,778,502,0,499,-3,3,496
01-002-068,824,589,0,590,1,15,575
01-002-069,967,633,0,627,-6,2,625
01-002-070,830,577,0,575,-2,5,570
01-002-071,855,589,0,589,0,5,584
01-002-072,917,643,0,643,0,5,638
01-002-073,906,637,0,638,1,14,624
01-002-074,784,530,1,529,-1,2,527
01-002-111,532,456,0,456,0,3,453
01-003-001,874,607,0,586,-21,7,579
01-003-002,803,560,0,562,2,25,537
01-003-003,987,626,0,625,-1,4,621
01-003-004,977,700,0,699,-1,5,694
01-003-005,672,412,0,411,-1,5,406
01-003-006,1092,741,0,741,0,2,739
01-003-007,912,619,0,619,0,4,615
01-003-008,801,540,0,539,-1,4,535
01-003-009,906,643,0,640,-3,6,634
01-003-010,837,596,0,596,0,0,596
01-003-011,933,650,0,650,0,5,645
01-003-012,932,698,1,686,-12,2,684
01-003-013,930,644,3,643,-1,3,640
01-003-014,860,632,0,630,-2,16,614
01-003-015,796,585,0,585,0,8,577
01-003-016,811,609,0,609,0,4,605
01-003-017,874,635,1,633,-2,1,632
01-003-018,1145,815,0,814,-1,12,802
01-003-019,1247,922,0,922,0,8,914
01-003-020,1312,855,0,854,-1,7,847
01-003-021,1311,942,0,939,-3,7,932
01-003-022,1321,980,0,980,0,3,977
01-003-023,953,693,0,695,2,23,672
01-003-024,1034,741,0,741,0,1,740
01-003-025,749,512,0,512,0,1,511
01-003-026,743,514,0,512,-2,3,509
01-003-027,886,634,0,633,-1,6,627
01-003-028,952,658,0,658,0,3,655
01-003-029,918,649,0,647,-2,8,639
01-003-030,919,658,0,657,-1,1,656
01-003-031,842,519,0,518,-1,5,513
01-003-032,931,656,0,656,0,1,655
01-003-033,843,563,0,563,0,6,557
01-003-034,778,521,0,521,0,4,517
01-003-035,806,503,0,504,1,13,491
01-003-036,771,528,0,528,0,3,525
01-003-037,900,634,0,634,0,2,632
01-003-038,755,494,0,494,0,3,491
01-003-039,747,499,0,500,1,17,483
01-003-040,698,426,0,423,-3,5,418
01-003-041,754,455,0,453,-2,7,446
01-003-042,937,404,0,404,0,4,400
01-003-043,881,560,0,560,0,0,560
01-003-044,767,543,2,542,-1,10,532
01-003-045,1108,645,0,645,0,5,640
01-003-046,1050,667,0,667,0,0,667
01-003-047,614,396,0,397,1,16,381
01-003-048,794,472,0,472,0,1,471
01-003-049,846,548,0,548,0,4,544
01-003-050,809,535,0,536,1,13,523
01-003-051,770,524,1,524,0,2,522
01-003-052,980,691,0,690,-1,2,688
01-003-053,773,537,0,533,-4,2,531
01-003-054,905,644,2,644,0,0,644
01-003-055,803,522,0,522,0,0,522
01-003-056,821,537,0,536,-1,3,533
01-003-057,887,554,0,555,1,15,540
01-003-058,787,512,0,512,0,3,509
01-003-059,748,581,0,581,0,4,577
01-003-060,822,563,0,563,0,2,561
01-003-061,868,561,0,561,0,2,559
01-003-062,871,511,0,511,0,1,510
01-003-063,847,527,0,528,1,15,513
01-003-064,741,513,0,513,0,3,510
01-003-065,966,679,0,680,1,16,664
01-003-066,813,562,0,562,0,3,559
01-003-067,809,566,0,563,-3,6,557
01-003-068,815,611,0,611,0,5,606
01-003-069,755,529,0,531,2,29,502
01-003-070,763,534,0,534,0,0,534
01-003-071,844,619,0,618,-1,0,618
01-003-072,870,621,0,618,-3,4,614
01-003-073,775,566,0,566,0,5,561
01-003-074,860,647,0,647,0,5,642
01-003-075,695,523,0,523,0,4,519
01-003-076,987,720,0,719,-1,2,717
01-003-077,820,600,0,600,0,2,598
01-003-078,837,598,0,597,-1,5,592
01-003-079,905,673,0,674,1,17,657
01-003-080,925,684,0,681,-3,4,677
01-003-081,962,731,0,730,-1,4,726
01-003-082,986,755,0,755,0,5,750
01-003-083,1043,816,0,813,-3,3,810
01-003-084,986,729,0,727,-2,5,722
01-003-085,771,507,0,506,-1,4,502
01-003-086,751,430,0,430,0,3,427
01-003-087,888,523,0,523,0,3,520
01-003-088,809,514,0,514,0,6,508
01-003-089,942,602,0,602,0,4,598
01-003-090,796,430,0,430,0,1,429
01-003-091,781,494,1,493,-1,1,492
01-003-092,826,504,0,504,0,4,500
01-003-093,847,521,1,520,-1,3,517
01-003-094,769,519,0,518,-1,5,513
01-003-095,821,490,0,489,-1,2,487
01-003-096,906,564,0,564,0,4,560
01-003-097,941,552,0,552,0,6,546
01-003-098,681,360,0,360,0,2,358
01-003-099,924,511,0,511,0,3,508
01-003-100,828,454,1,454,0,9,445
01-003-101,846,448,0,448,0,7,441
01-003-102,833,513,0,513,0,2,511
01-003-103,826,528,0,528,0,5,523
01-003-104,746,460,0,459,-1,4,455
01-003-105,706,438,0,439,1,18,421
01-003-106,795,532,0,533,1,13,520
01-003-107,754,491,0,491,0,2,489
01-003-108,817,512,0,512,0,5,507
01-003-109,774,512,0,513,1,18,495
01-003-110,765,474,0,474,0,4,470
01-003-111,714,442,0,429,-13,5,424
01-003-112,784,437,0,437,0,9,428
01-003-200,623,506,0,506,0,0,506
01-004-001,1173,893,0,895,2,28,867
01-004-002,1108,708,0,698,-10,4,694
01-004-003,888,570,0,569,-1,3,566
01-004-004,1194,916,0,916,0,4,912
01-004-005,1123,763,0,761,-2,2,759
01-004-006,1015,626,0,625,-1,4,621
01-004-007,1041,748,0,749,1,15,734
01-004-008,1047,650,0,648,-2,1,647
01-004-009,1219,708,0,708,0,1,707
01-004-010,1140,732,0,718,-14,0,718
01-004-011,1070,732,0,733,1,18,715
01-004-012,1020,619,0,619,0,7,612
01-004-013,1099,644,0,644,0,3,641
01-004-014,1021,643,0,642,-1,5,637
01-004-015,1066,722,0,722,0,3,719
01-004-016,1017,697,0,697,0,2,695
01-004-017,1106,778,0,778,0,5,773
01-004-018,1068,777,0,776,-1,3,773
01-004-019,1021,583,0,583,0,8,575
01-004-020,1010,655,0,655,0,5,650
01-004-021,1283,885,0,885,0,0,885
01-004-022,1029,711,0,711,0,5,706
01-004-023,1075,714,0,715,1,16,699
01-004-024,1133,753,0,753,0,5,748
01-004-025,980,635,0,634,-1,6,628
01-004-026,1112,792,0,792,0,6,786
01-004-027,1059,710,0,708,-2,2,706
01-004-028,1075,795,0,795,0,3,792
01-004-029,1034,660,0,660,0,7,653
01-004-030,1214,700,0,700,0,10,690
01-004-031,966,523,0,522,-1,8,514
01-004-032,938,644,1,643,-1,2,641
01-004-033,923,562,0,559,-3,2,557
01-004-034,974,461,0,461,0,2,459
01-004-035,1049,541,0,528,-13,5,523
01-004-036,1273,825,1,825,0,8,817
01-004-037,1373,770,0,769,-1,9,760
01-004-038,1034,618,0,618,0,4,614
01-004-039,931,658,0,643,-15,1,642
01-004-040,915,540,0,540,0,7,533
01-004-041,1024,675,0,665,-10,8,657
01-004-042,814,520,0,520,0,4,516
01-004-043,1011,623,0,625,2,24,601
01-004-044,1013,604,0,604,0,2,602
01-004-045,1059,670,0,670,0,7,663
01-004-046,1147,788,0,786,-2,6,780
01-004-047,936,580,0,579,-1,5,574
01-004-048,959,553,0,553,0,5,548
01-004-049,1245,779,0,775,-4,4,771
01-004-050,1157,719,0,719,0,9,710
01-004-051,1020,494,0,489,-5,5,484
01-004-052,860,568,0,568,0,4,564
01-004-053,842,490,0,487,-3,6,481
01-004-054,997,639,0,639,0,8,631
01-004-055,1018,635,0,635,0,10,625
01-004-056,1061,673,0,672,-1,7,665
01-004-057,866,520,0,519,-1,5,514
01-004-058,1212,748,0,747,-1,5,742
01-004-059,926,533,0,532,-1,7,525
01-004-060,1056,610,0,610,0,3,607
01-004-061,1157,694,0,695,1,19,676
01-004-062,945,579,0,579,0,4,575
01-004-063,1310,632,0,631,-1,2,629
01-004-064,1087,671,0,668,-3,1,667
01-004-065,998,591,0,589,-2,6,583
01-004-066,1062,620,0,612,-8,1,611
01-004-067,1009,616,0,616,0,4,612
01-004-068,1109,633,1,631,-2,4,627
01-004-069,1057,612,0,612,0,5,607
01-004-070,1091,665,0,664,-1,3,661
01-004-080,360,303,0,303,0,0,303
01-005-001,864,546,0,544,-2,3,541
01-005-002,1094,672,0,672,0,6,666
01-005-003,894,619,0,615,-4,3,612
01-005-004,1106,745,0,745,0,4,741
01-005-005,1043,633,0,630,-3,8,622
01-005-006,982,628,0,628,0,7,621
01-005-007,800,506,0,511,5,47,464
01-005-008,1181,678,0,677,-1,7,670
01-005-009,978,621,0,620,-1,7,613
01-005-010,1212,749,0,749,0,10,739
01-005-011,1165,718,0,716,-2,7,709
01-005-012,975,644,0,644,0,7,637
01-005-013,949,635,0,635,0,2,633
01-005-014,1168,782,0,782,0,4,778
01-005-015,1080,678,0,678,0,9,669
01-005-016,1075,689,0,690,1,23,667
01-005-017,325,284,1,283,-1,2,281
01-006-001,712,383,0,383,0,3,380
01-006-002,595,327,0,327,0,3,324
01-006-003,633,349,0,349,0,2,347
01-006-004,711,410,0,410,0,2,408
01-006-005,728,425,0,425,0,3,422
01-006-006,632,333,0,333,0,4,329
01-006-007,654,342,0,342,0,4,338
01-006-008,581,308,0,307,-1,1,306
01-006-009,645,356,1,353,-3,3,350
01-006-010,638,352,0,350,-2,1,349
01-006-011,656,407,2,410,3,26,384
01-006-012,765,453,0,453,0,7,446
01-006-013,716,403,0,406,3,29,377
01-006-014,870,473,0,473,0,3,470
01-006-015,854,521,0,519,-2,3,516
01-006-016,795,440,0,440,0,2,438
01-006-017,853,487,0,487,0,3,484
01-006-018,915,547,0,547,0,4,543
01-006-019,910,522,0,523,1,12,511
01-006-020,747,459,2,457,-2,3,454
01-006-021,950,596,0,594,-2,7,587
01-006-022,810,452,0,452,0,5,447
01-006-023,952,613,0,609,-4,6,603
01-006-024,873,535,0,529,-6,3,526
01-006-025,600,349,0,349,0,3,346
01-006-026,1038,671,0,672,1,15,657
01-006-027,844,515,0,515,0,4,511
01-006-028,789,479,0,479,0,3,476
01-006-029,892,583,0,582,-1,2,580
01-006-030,770,511,0,511,0,8,503
01-007-001,888,508,0,507,-1,10,497
01-007-002,1042,586,1,586,0,9,577
01-007-003,952,490,0,489,-1,2,487
01-007-004,422,216,0,216,0,0,216
01-007-005,989,366,2,366,0,5,361
01-007-006,849,496,0,495,-1,6,489
01-007-007,1003,453,0,453,0,4,449
01-007-008,543,267,0,266,-1,11,255
01-007-009,624,327,0,328,1,11,317
01-007-010,902,471,0,471,0,4,467
01-007-011,940,550,0,549,-1,1,548
01-007-012,656,369,1,369,0,4,365
01-007-013,906,531,0,531,0,11,520
01-007-014,842,466,0,466,0,5,461
01-007-015,1042,658,0,657,-1,5,652
01-007-016,750,381,0,380,-1,1,379
01-007-017,737,428,0,428,0,6,422
01-007-018,972,528,0,528,0,2,526
01-007-019,760,450,0,450,0,2,448
01-007-020,753,436,0,435,-1,0,435
01-007-021,941,576,0,579,3,34,545
01-007-022,924,540,0,536,-4,3,533
01-007-023,765,399,0,398,-1,4,394
01-007-024,876,515,0,514,-1,7,507
01-007-025,874,511,0,510,-1,3,507
01-007-026,837,534,0,533,-1,6,527
01-007-027,800,494,0,493,-1,5,488
01-007-028,1084,567,0,569,2,31,538
01-007-029,1046,515,0,514,-1,5,509
01-007-030,1102,605,1,603,-2,6,597
01-007-031,857,506,1,506,0,2,504
01-007-032,1068,596,1,594,-2,3,591
01-007-033,907,518,0,516,-2,3,513
01-007-034,709,401,0,400,-1,4,396
01-007-035,992,555,0,554,-1,10,544
01-007-036,852,461,0,461,0,2,459
01-007-037,935,488,0,488,0,3,485
01-007-038,819,438,0,436,-2,3,433
01-007-039,448,386,0,384,-2,1,383
01-008-001,787,490,0,490,0,2,488
01-008-002,918,556,1,556,0,3,553
01-008-003,908,602,0,601,-1,1,600
01-008-004,619,385,0,385,0,0,385
01-008-005,685,416,0,413,-3,1,412
01-008-006,594,361,0,361,0,3,358
01-008-007,859,518,1,518,0,4,514
01-008-008,1865,859,1,845,-14,0,845
01-008-009,800,526,0,525,-1,6,519
01-008-010,977,618,0,600,-18,2,598
01-008-011,952,546,1,544,-2,5,539
01-008-012,986,596,0,596,0,3,593
01-008-013,862,490,0,488,-2,8,480
01-008-014,642,357,0,357,0,2,355
01-008-015,865,514,0,512,-2,4,508
01-008-016,1143,696,0,695,-1,7,688
01-008-017,923,456,0,456,0,3,453
01-008-018,1058,592,0,592,0,8,584
01-008-019,1191,645,1,645,0,6,639
01-008-020,1175,471,0,461,-10,2,459
01-008-021,1080,586,0,586,0,4,582
01-008-022,1174,616,0,614,-2,7,607
01-008-023,727,393,0,398,5,48,350
01-008-024,737,399,0,397,-2,4,393
01-008-025,802,407,0,408,1,12,396
01-008-026,626,326,0,325,-1,1,324
01-008-027,934,495,0,499,4,40,459
01-008-028,981,436,0,435,-1,10,425
01-008-029,1108,164,0,162,-2,3,159
01-008-030,1344,649,0,643,-6,13,630
01-008-031,1283,739,0,738,-1,6,732
01-008-032,665,343,0,343,0,1,342
01-008-033,671,436,0,436,0,3,433
01-008-034,1261,675,0,675,0,8,667
01-008-035,693,409,0,407,-2,4,403
01-008-036,921,540,0,540,0,6,534
01-008-037,1154,602,0,602,0,7,595
01-008-038,1179,578,0,577,-1,11,566
01-008-039,760,306,0,304,-2,9,295
01-008-040,852,429,0,429,0,3,426
01-008-041,1291,670,0,669,-1,10,659
01-008-042,1336,650,0,647,-3,9,638
01-008-043,1361,747,0,747,0,6,741
01-008-044,1001,460,0,460,0,13,447
01-008-045,1288,640,0,638,-2,13,625
01-008-046,995,537,0,536,-1,6,530
01-008-047,655,469,0,469,0,4,465
01-008-048,1120,658,0,656,-2,5,651
01-008-049,1052,672,0,671,-1,4,667
01-008-050,1153,709,0,707,-2,6,701
01-008-051,613,445,0,436,-9,3,433
01-009-001,664,405,0,405,0,1,404
01-009-002,668,415,0,415,0,12,403
01-009-003,776,520,0,520,0,9,511
01-009-004,697,433,0,433,0,3,430
01-009-005,686,413,0,413,0,1,412
01-009-006,670,414,0,414,0,6,408
01-009-007,795,529,0,528,-1,2,526
01-009-008,798,479,0,479,0,2,477
01-009-009,935,423,0,422,-1,2,420
01-009-010,684,428,0,427,-1,4,423
01-009-011,891,595,0,593,-2,3,590
01-009-012,716,491,0,491,0,5,486
01-009-013,749,499,0,500,1,16,484
01-009-014,830,568,0,568,0,1,567
01-009-015,890,536,0,535,-1,3,532
01-009-016,783,530,0,530,0,8,522
01-009-017,891,602,0,601,-1,6,595
01-009-018,869,440,0,439,-1,3,436
01-009-019,927,546,0,546,0,2,544
01-009-020,816,457,0,457,0,7,450
01-009-021,882,478,0,477,-1,3,474
01-009-022,727,461,0,460,-1,5,455
01-009-023,944,577,0,577,0,7,570
01-009-024,797,413,0,413,0,4,409
01-009-025,863,524,0,525,1,11,514
01-009-026,954,644,0,643,-1,7,636
01-009-027,820,419,0,417,-2,4,413
01-009-028,937,550,0,550,0,3,547
01-009-029,880,450,0,449,-1,5,444
01-009-030,819,430,0,430,0,3,427
01-009-031,805,490,1,488,-2,2,486
01-009-032,1016,657,0,657,0,8,649
01-009-033,939,562,0,562,0,9,553
01-009-034,789,533,0,524,-9,3,521
01-009-035,623,205,0,205,0,7,198
01-009-036,1052,457,0,457,0,5,452
01-009-037,1083,386,0,385,-1,2,383
01-009-038,742,497,0,497,0,3,494
01-009-039,715,443,0,443,0,5,438
01-009-040,728,509,0,509,0,4,505
01-009-041,748,461,0,461,0,4,457
01-009-042,691,452,0,451,-1,5,446
01-009-043,895,547,0,549,2,27,522
01-009-044,750,499,0,499,0,7,492
01-009-045,699,467,0,468,1,14,454
01-009-046,694,447,0,447,0,9,438
01-009-047,718,470,0,470,0,4,466
01-009-048,779,501,0,501,0,3,498
01-009-049,763,499,0,498,-1,5,493
01-009-050,743,655,0,655,0,2,653
01-010-001,774,439,0,439,0,2,437
01-010-002,697,378,0,386,8,64,322
01-010-003,692,324,0,324,0,7,317
01-010-004,698,285,0,284,-1,1,283
01-010-005,745,439,0,440,1,15,425
01-010-006,714,368,0,368,0,1,367
01-010-007,768,413,0,413,0,0,413
01-010-008,915,645,0,645,0,0,645
01-010-009,732,428,0,428,0,4,424
01-010-010,729,444,0,444,0,4,440
01-010-011,844,507,0,507,0,1,506
01-010-012,737,439,0,438,-1,6,432
01-010-013,751,415,0,414,-1,4,410
01-010-014,693,432,0,432,0,0,432
01-010-015,703,422,0,422,0,4,418
01-010-016,748,370,0,370,0,6,364
01-010-017,682,382,0,382,0,4,378
01-010-018,721,349,0,349,0,6,343
01-010-019,715,389,0,389,0,6,383
01-010-020,703,413,0,413,0,1,412
01-010-021,720,456,0,459,3,40,419
01-010-022,769,416,0,416,0,3,413
01-010-023,669,417,0,417,0,1,416
01-010-024,663,358,0,357,-1,1,356
01-010-025,834,449,0,449,0,4,445
01-010-026,823,470,0,470,0,4,466
01-010-027,796,464,0,464,0,2,462
01-010-028,833,521,0,522,1,16,506
01-010-029,906,661,0,661,0,3,658
01-010-030,698,337,0,337,0,5,332
01-010-031,698,342,0,342,0,5,337
01-010-032,1097,310,0,310,0,3,307
01-010-033,715,423,0,423,0,4,419
01-010-034,704,367,0,367,0,4,363
01-010-035,712,445,0,443,-2,7,436
01-010-036,621,376,6,366,-10,4,362
01-010-037,681,363,0,363,0,0,363
01-010-038,707,440,0,438,-2,4,434
01-010-039,751,441,0,441,0,3,438
01-010-040,706,420,0,420,0,3,417
01-010-041,671,460,1,460,0,4,456
01-010-042,684,389,0,388,-1,3,385
01-010-043,641,355,0,354,-1,4,350
01-010-044,653,309,0,309,0,5,304
01-010-045,693,384,0,383,-1,2,381
01-010-046,703,436,0,437,1,16,421
01-010-047,810,532,0,532,0,6,526
01-010-048,842,376,0,376,0,5,371
01-010-049,872,552,0,552,0,6,546
01-010-050,892,453,0,453,0,2,451
01-010-051,880,467,0,468,1,15,453
01-010-052,779,453,0,453,0,7,446
01-010-053,841,523,0,520,-3,9,511
01-010-054,849,493,0,491,-2,6,485
01-010-055,811,491,0,494,3,27,467
01-010-056,897,546,0,544,-2,5,539
01-010-057,860,512,0,512,0,8,504
01-010-058,895,522,0,518,-4,7,511
01-010-059,848,459,0,459,0,4,455
01-010-060,871,510,0,509,-1,3,506
01-010-061,834,425,1,423,-2,4,419
01-010-062,869,471,0,471,0,3,468
01-010-063,846,511,0,506,-5,6,500
01-010-064,861,442,0,441,-1,3,438
01-010-065,842,461,0,461,0,2,459
01-010-066,769,390,0,390,0,6,384
01-010-067,657,441,0,441,0,1,440
01-010-068,654,436,0,435,-1,1,434
01-010-069,634,531,0,531,0,11,520
01-011-001,1026,718,0,719,1,16,703
01-011-002,1038,748,0,748,0,7,741
01-011-003,998,668,0,667,-1,5,662
01-011-004,933,635,0,633,-2,1,632
01-011-005,1006,676,0,675,-1,8,667
01-011-006,1304,745,0,749,4,40,709
01-011-007,917,649,0,649,0,2,647
01-011-008,915,626,0,626,0,3,623
01-011-009,971,664,0,664,0,3,661
01-011-010,931,627,0,626,-1,1,625
01-011-011,899,554,0,552,-2,2,550
01-011-012,948,686,0,686,0,6,680
01-011-013,1034,696,0,695,-1,9,686
01-011-014,1086,760,0,759,-1,3,756
01-011-015,1006,664,0,664,0,7,657
01-011-016,969,682,0,682,0,1,681
01-011-017,939,645,0,636,-9,4,632
01-011-018,1119,807,0,807,0,1,806
01-011-019,1038,730,0,725,-5,7,718
01-011-020,853,657,0,657,0,1,656
01-011-021,905,667,0,666,-1,1,665
01-011-022,1015,777,0,777,0,1,776
01-011-023,979,682,0,672,-10,4,668
01-011-024,871,566,0,568,2,21,547
01-011-025,894,634,0,633,-1,0,633
01-011-026,819,591,0,589,-2,3,586
01-011-027,1132,796,0,793,-3,2,791
01-011-028,1102,773,0,773,0,1,772
01-011-029,1062,725,0,724,-1,3,721
01-011-030,1097,760,0,760,0,1,759
01-011-031,928,721,0,722,1,15,707
01-011-032,836,620,0,620,0,5,615
01-011-033,995,761,0,760,-1,6,754
01-011-034,951,743,0,742,-1,4,738
01-011-035,916,691,0,691,0,2,689
01-011-036,1008,693,0,692,-1,2,690
01-011-037,929,708,0,708,0,1,707
01-011-038,887,703,0,704,1,13,691
01-011-039,954,719,0,719,0,5,714
01-011-040,855,672,0,672,0,1,671
01-011-041,852,682,0,679,-3,8,671
01-011-042,924,735,0,730,-5,4,726
01-011-043,1003,765,0,765,0,0,765
01-011-044,923,651,0,649,-2,2,647
01-011-045,1025,713,0,712,-1,3,709
01-011-046,1000,638,0,637,-1,4,633
01-011-047,958,712,0,704,-8,6,698
01-011-048,1000,680,0,680,0,5,675
01-011-049,978,712,0,706,-6,7,699
01-011-050,944,692,0,692,0,5,687
01-011-051,946,739,0,739,0,2,737
01-011-052,986,672,0,672,0,3,669
01-011-053,901,653,0,653,0,2,651
01-011-054,1048,767,0,767,0,3,764
01-011-055,895,655,0,656,1,17,639
01-011-056,1050,701,0,699,-2,9,690
01-011-057,874,592,0,591,-1,6,585
01-011-058,1070,712,1,712,0,3,709
01-011-059,986,673,0,673,0,4,669
01-011-060,1115,722,0,721,-1,2,719
01-011-061,915,572,0,572,0,4,568
01-011-062,1027,710,0,709,-1,5,704
01-011-063,1063,676,0,674,-2,12,662
01-011-064,1088,769,0,771,2,28,743
01-011-065,1086,764,0,762,-2,5,757
01-011-066,1098,696,0,696,0,8,688
01-011-067,968,641,0,641,0,0,641
01-011-068,1056,705,0,705,0,4,701
01-011-069,667,403,0,403,0,1,402
01-011-070,1000,705,0,705,0,1,704
01-011-071,984,644,0,644,0,3,641
01-011-072,988,711,0,711,0,6,705
01-011-073,818,534,0,533,-1,5,528
01-011-074,923,487,0,487,0,0,487
01-011-075,850,613,0,614,1,12,602
01-011-076,1140,757,0,756,-1,6,750
01-011-077,1041,692,0,690,-2,8,682
01-011-078,1030,646,0,644,-2,3,641
01-011-079,995,747,0,744,-3,1,743
01-011-080,1072,712,0,711,-1,3,708
01-011-081,999,740,0,740,0,3,737
01-011-082,993,651,0,651,0,5,646
01-011-083,1058,716,0,716,0,5,711
01-011-084,1097,762,0,760,-2,8,752
01-011-085,969,629,0,627,-2,3,624
01-011-086,1001,658,0,657,-1,0,657
01-011-087,1031,669,0,668,-1,2,666
01-011-088,992,737,0,736,-1,2,734
01-011-089,992,619,0,616,-3,5,611
01-011-090,1128,743,0,743,0,3,740
01-011-091,1064,663,0,663,0,7,656
01-011-092,1023,696,0,695,-1,5,690
01-011-093,980,650,0,650,0,5,645
01-011-094,1110,698,0,700,2,24,676
01-011-095,687,437,0,438,1,12,426
01-011-096,1110,729,0,712,-17,6,706
01-011-097,852,593,0,596,3,35,561
01-011-098,800,593,0,594,1,15,579
01-011-099,845,645,0,640,-5,1,639
01-011-100,970,704,0,700,-4,7,693
01-011-101,871,622,0,621,-1,5,616
01-011-102,888,689,0,689,0,3,686
01-011-103,843,624,0,624,0,1,623
01-011-104,590,296,0,294,-2,13,281
01-011-105,846,454,0,455,1,15,440
01-011-106,980,791,0,791,0,2,789
01-012-001,656,453,0,453,0,2,451
01-012-002,678,442,1,439,-3,6,433
01-012-003,894,590,0,590,0,6,584
01-012-004,713,532,0,531,-1,2,529
01-012-005,588,381,0,378,-3,2,376
01-012-006,488,335,1,335,0,4,331
01-012-007,774,533,0,533,0,4,529
01-012-008,488,305,2,301,-4,1,300
01-012-009,790,588,0,588,0,6,582
01-012-010,945,697,0,697,0,4,693
01-012-011,748,564,1,563,-1,1,562
01-012-012,910,670,0,669,-1,7,662
01-012-013,591,436,1,436,0,6,430
01-012-014,639,423,0,424,1,13,411
01-012-015,673,505,0,505,0,2,503
01-012-016,678,522,0,521,-1,2,519
01-012-017,906,613,0,613,0,7,606
01-012-018,955,685,0,683,-2,8,675
01-012-019,597,441,0,443,2,24,419
01-012-020,753,572,0,572,0,1,571
01-012-021,713,495,0,496,1,11,485
01-012-022,491,355,0,355,0,1,354
01-012-023,987,774,0,774,0,5,769
01-012-024,659,505,0,506,1,13,493
01-012-025,829,609,0,607,-2,5,602
01-012-026,680,526,0,526,0,2,524
01-012-027,686,538,0,538,0,2,536
01-012-028,976,675,0,675,0,5,670
01-012-029,678,516,1,517,1,14,503
01-012-030,934,693,0,691,-2,5,686
01-012-031,645,457,0,458,1,13,445
01-012-032,813,563,0,564,1,18,546
01-012-033,931,618,0,618,0,7,611
01-012-034,896,645,0,645,0,3,642
01-012-035,806,626,0,625,-1,5,620
01-012-036,649,465,0,465,0,5,460
01-012-037,731,561,1,560,-1,2,558
01-012-038,918,706,0,704,-2,2,702
01-012-039,1004,752,1,750,-2,7,743
01-012-040,728,571,0,569,-2,7,562
01-012-041,569,415,0,415,0,11,404
01-012-042,842,652,0,654,2,25,629
01-012-043,894,650,0,646,-4,2,644
01-012-044,1026,746,0,746,0,6,740
01-012-045,685,467,0,467,0,3,464
01-012-046,950,697,0,698,1,19,679
01-012-047,1069,794,0,793,-1,2,791
01-012-048,794,541,0,541,0,1,540
01-012-049,852,594,0,595,1,12,583
01-012-050,785,589,0,589,0,5,584
01-012-051,571,412,0,413,1,13,400
01-012-052,932,676,0,675,-1,1,674
01-012-053,837,606,0,606,0,3,603
01-012-054,690,492,0,492,0,3,489
01-012-055,683,497,3,494,-3,3,491
01-013-001,1006,553,0,541,-12,8,533
01-013-002,882,528,0,528,0,6,522
01-013-003,898,589,0,588,-1,4,584
01-013-004,866,578,0,576,-2,6,570
01-013-005,882,627,0,626,-1,5,621
01-013-006,1090,709,0,703,-6,2,701
01-013-007,943,592,0,592,0,7,585
01-013-008,1012,621,0,622,1,13,609
01-013-009,1082,712,0,712,0,5,707
01-013-010,982,680,0,678,-2,3,675
01-013-011,717,519,0,519,0,2,517
01-013-012,865,572,0,572,0,5,567
01-013-013,945,624,0,625,1,15,610
01-013-014,974,661,0,661,0,7,654
01-013-015,1057,705,0,705,0,5,700
01-013-016,824,577,0,577,0,5,572
01-013-017,1022,725,0,722,-3,4,718
01-013-018,1063,708,0,708,0,5,703
01-013-019,1073,713,0,713,0,6,707
01-013-020,1140,700,0,700,0,8,692
01-013-021,1122,768,0,767,-1,2,765
01-013-022,1118,699,0,698,-1,2,696
01-013-023,1197,787,0,787,0,10,777
01-013-024,1104,698,0,697,-1,7,690
01-013-025,920,609,0,607,-2,3,604
01-013-026,1034,579,0,575,-4,4,571
01-013-027,1218,668,0,671,3,34,637
01-013-028,887,600,0,599,-1,8,591
01-013-029,989,681,0,682,1,14,668
01-013-030,936,639,0,639,0,6,633
01-013-031,892,632,0,634,2,28,606
01-013-032,940,629,0,628,-1,12,616
01-013-033,958,552,0,551,-1,2,549
01-013-034,658,467,1,467,0,4,463
01-013-035,1058,674,0,672,-2,8,664
01-013-036,1065,627,0,627,0,10,617
01-013-037,1329,886,0,883,-3,11,872
01-013-038,996,619,0,619,0,6,613
01-013-039,1361,933,0,914,-19,10,904
01-013-040,886,249,0,243,-6,5,238
01-013-041,890,500,0,500,0,2,498
01-013-042,1049,631,0,630,-1,6,624
01-013-043,825,422,0,422,0,2,420
01-013-044,930,605,0,606,1,18,588
01-013-045,1055,509,0,510,1,24,486
01-013-046,889,394,0,395,1,15,380
01-013-047,1100,680,1,679,-1,1,678
01-013-048,1224,721,0,721,0,7,714
01-013-049,1188,698,0,698,0,6,692
01-013-050,1027,665,0,663,-2,8,655
01-013-051,1038,700,0,709,9,93,616
01-013-052,953,493,0,492,-1,6,486
01-013-053,1227,810,0,810,0,7,803
01-013-054,857,572,0,572,0,8,564
01-013-055,818,502,0,502,0,5,497
01-013-056,727,471,0,471,0,6,465
01-013-057,1256,872,0,872,0,6,866
01-013-058,1244,717,0,710,-7,19,691
01-013-059,1211,776,0,776,0,10,766
01-013-060,976,674,1,673,-1,5,668
01-013-061,897,550,0,550,0,7,543
01-013-062,1116,475,0,461,-14,6,455
01-013-063,1392,919,0,919,0,6,913
01-013-064,1140,688,3,685,-3,4,681
01-013-065,963,633,0,632,-1,10,622
01-013-066,841,574,0,573,-1,5,568
01-013-067,1100,753,0,753,0,6,747
01-013-068,1229,847,0,847,0,8,839
01-013-069,1050,746,0,746,0,4,742
01-013-070,1123,737,0,738,1,14,724
01-013-071,1113,634,0,634,0,8,626
01-013-072,733,439,0,439,0,6,433
01-013-073,1142,693,0,692,-1,7,685
01-013-074,1025,589,0,590,1,16,574
01-013-075,939,625,0,623,-2,4,619
01-013-076,1402,678,0,678,0,7,671
01-013-077,1163,810,0,812,2,29,783
01-013-078,848,540,0,540,0,9,531
01-013-079,1164,806,0,806,0,9,797
01-013-080,1174,745,0,743,-2,6,737
01-013-081,1142,757,0,755,-2,12,743
01-013-082,1254,805,0,805,0,10,795
01-013-083,1310,874,0,874,0,9,865
01-013-084,1213,729,0,725,-4,5,720
01-013-085,1045,613,0,613,0,2,611
01-013-086,701,400,0,399,-1,6,393
01-013-087,786,520,0,524,4,40,484
01-013-088,1063,910,0,910,0,1,909
01-014-001,1173,560,3,557,-3,7,550
01-014-002,1062,728,1,716,-12,4,712
01-014-003,1193,851,0,850,-1,3,847
01-014-004,878,552,0,551,-1,1,550
01-014-005,999,665,0,665,0,7,658
01-014-006,1151,710,0,707,-3,3,704
01-014-007,1307,847,0,842,-5,3,839
01-014-008,1326,948,0,948,0,4,944
01-014-009,1305,958,0,951,-7,3,948
01-014-010,1324,931,0,934,3,35,899
01-014-011,1023,720,0,720,0,6,714
01-014-012,1166,722,2,722,0,9,713
01-014-013,1247,826,0,829,3,34,795
01-014-014,1197,797,0,797,0,7,790
01-014-015,1302,839,0,839,0,6,833
01-014-016,1227,765,0,765,0,6,759
01-014-017,1232,842,0,842,0,7,835
01-014-018,1251,856,0,856,0,6,850
01-014-019,1285,850,0,850,0,7,843
01-014-020,1272,851,0,851,0,7,844
01-014-021,1131,767,0,767,0,3,764
01-014-022,1395,641,0,640,-1,5,635
01-014-023,1269,712,0,712,0,8,704
01-014-024,1257,590,0,590,0,5,585
01-014-025,1316,777,0,773,-4,3,770
01-014-026,1343,879,0,878,-1,8,870
01-014-027,1298,852,1,851,-1,8,843
01-014-028,1285,903,0,902,-1,4,898
01-014-029,1353,863,0,863,0,4,859
01-014-030,1082,615,0,614,-1,6,608
01-014-031,1017,721,0,721,0,3,718
01-014-032,1286,889,0,889,0,2,887
01-014-033,1175,829,0,827,-2,5,822
01-014-034,1100,775,3,777,2,34,743
01-014-035,1280,903,0,903,0,10,893
01-014-036,1299,904,0,903,-1,11,892
01-014-037,1285,903,0,905,2,31,874
01-014-038,1246,849,0,849,0,7,842
01-014-039,1234,839,0,839,0,3,836
01-014-040,1150,863,0,863,0,4,859
01-014-041,1187,829,0,834,5,47,787
01-014-042,1141,719,0,718,-1,2,716
01-014-043,1001,622,0,622,0,4,618
01-014-044,927,540,0,539,-1,2,537
01-014-045,1129,660,0,659,-1,6,653
01-014-046,943,560,0,560,0,5,555
01-014-047,947,529,0,529,0,9,520
01-014-048,1167,808,0,805,-3,4,801
01-014-049,1148,802,1,802,0,7,795
01-014-050,1310,884,0,883,-1,3,880
01-014-051,1231,654,1,654,0,5,649
01-014-052,1301,785,0,785,0,2,783
01-014-053,1359,881,1,881,0,4,877
01-014-054,1323,872,0,869,-3,6,863
01-014-055,1311,621,0,621,0,4,617
01-014-056,1372,886,0,885,-1,7,878
01-014-057,1263,755,0,736,-19,3,733
01-014-058,1058,625,0,624,-1,4,620
01-014-059,997,671,0,669,-2,6,663
01-014-060,1024,658,0,657,-1,12,645
01-014-061,1082,712,0,710,-2,1,709
01-014-062,1046,655,0,655,0,5,650
01-014-063,1091,653,0,652,-1,24,628
01-014-064,1113,687,0,688,1,14,674
01-014-065,1074,672,0,672,0,5,667
01-014-066,977,594,0,594,0,5,589
01-014-067,1176,702,0,702,0,5,697
01-014-068,1017,610,0,611,1,14,597
01-014-069,1175,727,0,726,-1,11,715
01-014-070,1088,671,0,671,0,2,669
01-014-071,991,579,0,578,-1,4,574
01-014-072,1021,590,0,589,-1,5,584
01-014-073,1133,745,0,744,-1,5,739
01-014-074,1046,592,0,591,-1,5,586
01-014-075,1200,809,0,809,0,2,807
01-014-076,845,697,0,697,0,0,697
01-015-001,962,672,0,672,0,8,664
01-015-002,836,600,0,599,-1,5,594
01-015-003,1079,722,0,722,0,4,718
01-015-004,941,601,0,601,0,2,599
01-015-005,978,670,0,670,0,3,667
01-015-006,1029,663,0,663,0,4,659
01-015-007,939,603,0,603,0,2,601
01-015-008,999,635,0,635,0,3,632
01-015-009,868,513,0,513,0,3,510
01-015-010,933,569,0,569,0,1,568
01-015-011,1007,650,0,649,-1,5,644
01-015-012,826,530,0,530,0,2,528
01-015-013,941,575,0,575,0,5,570
01-015-014,1152,717,0,717,0,10,707
01-015-015,1055,671,0,671,0,3,668
01-015-016,1009,578,0,578,0,4,574
01-015-017,1104,649,0,649,0,7,642
01-015-018,994,581,0,580,-1,5,575
01-015-019,985,554,0,554,0,6,548
01-015-020,937,572,0,572,0,3,569
01-015-021,1077,673,0,671,-2,6,665
01-015-022,968,625,0,625,0,5,620
01-015-023,881,573,0,574,1,18,556
01-015-024,913,570,0,570,0,5,565
01-015-025,1020,618,0,621,3,36,585
01-015-026,1102,730,0,730,0,8,722
01-015-027,1014,603,0,601,-2,5,596
01-015-028,967,616,0,616,0,7,609
01-015-029,1029,696,0,694,-2,1,693
01-015-030,936,592,0,592,0,3,589
01-015-031,966,661,0,664,3,33,631
01-015-032,1090,683,0,683,0,4,679
01-015-033,1042,589,0,589,0,3,586
01-015-034,834,539,0,539,0,2,537
01-015-035,1061,670,0,668,-2,8,660
01-015-036,1027,588,0,588,0,3,585
01-015-037,920,597,0,597,0,17,580
01-015-038,1001,572,0,572,0,7,565
01-015-039,926,530,0,530,0,6,524
01-015-040,1016,593,0,592,-1,4,588
01-015-041,968,549,0,546,-3,4,542
01-015-042,922,486,0,486,0,5,481
01-015-043,1003,507,0,507,0,6,501
01-015-044,1030,612,0,611,-1,3,608
01-015-045,1184,654,0,654,0,8,646
01-015-046,986,494,0,494,0,5,489
01-015-047,1013,579,0,578,-1,5,573
01-015-048,1032,522,0,521,-1,3,518
01-015-049,995,587,0,587,0,8,579
01-015-050,1023,537,0,535,-2,5,530
01-015-051,943,546,0,546,0,9,537
01-015-052,1023,566,0,566,0,7,559
01-015-053,935,488,0,488,0,3,485
01-015-054,1016,601,0,599,-2,2,597
01-015-055,1059,625,0,622,-3,6,616
01-015-056,1032,426,0,426,0,2,424
01-015-057,913,569,0,569,0,6,563
01-015-058,1065,597,0,596,-1,5,591
01-015-059,1030,588,0,590,2,24,566
01-015-060,1089,577,0,577,0,6,571
01-016-001,1030,745,0,744,-1,8,736
01-016-002,958,664,0,663,-1,4,659
01-016-003,965,653,0,653,0,4,649
01-016-004,919,621,0,620,-1,5,615
01-016-005,862,621,0,618,-3,5,613
01-016-006,829,565,0,566,1,18,548
01-016-007,825,550,1,550,0,8,542
01-016-008,819,550,0,548,-2,6,542
01-016-009,996,681,0,681,0,0,681
01-016-010,758,523,0,524,1,17,507
01-016-011,1063,748,0,750,2,27,723
01-016-012,985,689,0,690,1,16,674
01-016-013,1092,754,0,754,0,5,749
01-016-014,972,699,0,699,0,5,694
01-016-015,1050,773,0,772,-1,3,769
01-016-016,794,555,0,543,-12,1,542
01-016-017,877,539,1,537,-2,7,530
01-016-018,792,541,0,540,-1,4,536
01-016-019,691,444,0,445,1,17,428
01-016-020,727,523,1,524,1,16,508
01-016-021,769,511,0,511,0,6,505
01-016-022,812,618,0,615,-3,4,611
01-016-023,878,606,0,606,0,5,601
01-016-024,766,502,0,502,0,5,497
01-016-025,787,540,0,539,-1,9,530
01-016-026,1027,703,0,703,0,6,697
01-016-027,1000,728,0,730,2,23,707
01-016-028,775,528,0,528,0,6,522
01-016-029,729,508,0,507,-1,5,502
01-016-030,905,602,0,602,0,6,596
01-016-031,823,569,0,568,-1,0,568
01-016-032,1050,747,0,747,0,6,741
01-016-033,1138,812,0,809,-3,10,799
01-016-034,1270,901,0,902,1,20,882
01-016-035,1077,757,0,756,-1,8,748
01-016-036,858,647,0,649,2,29,620
01-016-037,748,526,0,526,0,3,523
01-016-038,938,702,0,702,0,10,692
01-016-039,802,541,0,541,0,5,536
01-016-040,980,706,0,707,1,13,694
01-016-041,738,489,0,489,0,3,486
01-016-042,909,633,0,632,-1,9,623
01-016-043,987,756,0,756,0,4,752
01-016-044,705,505,1,504,-1,9,495
01-016-045,987,772,0,772,0,4,768
01-016-046,706,445,0,445,0,2,443
01-016-047,800,520,0,520,0,4,516
01-016-048,937,659,0,661,2,25,636
01-016-049,924,700,0,700,0,10,690
01-016-050,769,535,0,535,0,1,534
01-016-051,988,683,1,673,-10,8,665
01-016-052,930,706,0,706,0,10,696
01-016-053,778,566,0,566,0,5,561
01-016-054,935,673,0,673,0,3,670
01-016-055,958,703,0,704,1,15,689
01-016-056,845,582,1,582,0,8,574
01-016-057,880,570,0,571,1,13,558
01-016-058,789,532,1,532,0,2,530
01-016-059,892,619,0,615,-4,3,612
01-016-060,1123,750,0,750,0,5,745
01-016-061,772,585,0,585,0,3,582
01-016-062,180,155,0,155,0,0,155
01-016-063,942,675,0,675,0,7,668
01-017-001,829,598,0,600,2,29,571
01-017-002,833,608,0,607,-1,3,604
01-017-003,896,584,0,584,0,8,576
01-017-004,846,552,0,552,0,11,541
01-017-005,768,575,0,575,0,2,573
01-017-006,816,622,0,622,0,6,616
01-017-007,870,543,0,543,0,2,541
01-017-008,1031,593,0,591,-2,6,585
01-017-009,913,449,0,448,-1,3,445
01-017-010,747,390,0,389,-1,2,387
01-017-011,969,542,0,530,-12,6,524
01-017-012,835,490,0,489,-1,4,485
01-017-013,838,440,0,440,0,4,436
01-017-014,905,500,0,500,0,0,500
01-017-015,789,461,0,461,0,9,452
01-017-016,422,167,1,167,0,11,156
01-017-017,824,463,0,462,-1,3,459
01-017-018,758,456,0,456,0,2,454
01-017-019,927,529,1,529,0,3,526
01-017-020,747,413,0,414,1,17,397
01-017-021,963,444,0,443,-1,2,441
01-017-022,1004,593,0,593,0,5,588
01-017-023,609,334,0,334,0,1,333
01-017-024,995,680,0,680,0,3,677
01-017-025,1106,767,0,765,-2,1,764
01-017-026,820,615,0,615,0,2,613
01-017-027,640,462,0,461,-1,2,459
01-017-028,700,495,0,494,-1,1,493
01-017-029,1015,625,0,625,0,6,619
01-017-030,990,673,0,673,0,6,667
01-017-031,760,536,0,536,0,2,534
01-017-032,853,535,0,535,0,10,525
01-017-033,883,590,0,590,0,1,589
01-017-034,889,542,0,542,0,0,542
01-017-035,1080,591,0,591,0,8,583
01-017-036,1001,585,0,584,-1,7,577
01-017-037,1030,639,0,639,0,5,634
01-017-038,1075,693,0,693,0,2,691
01-017-039,1004,704,0,703,-1,2,701
01-017-040,1140,736,0,730,-6,4,726
01-017-041,1074,674,0,673,-1,6,667
01-017-042,1113,756,0,756,0,0,756
01-017-043,984,655,0,655,0,6,649
01-017-044,746,463,0,463,0,3,460
01-017-045,819,519,0,519,0,6,513
01-017-046,1071,723,0,719,-4,6,713
01-017-047,1078,759,0,762,3,36,726
01-017-048,880,598,0,597,-1,1,596
01-017-049,919,620,0,619,-1,4,615
01-017-050,825,537,0,537,0,3,534
01-017-051,1240,845,1,845,0,2,843
01-017-052,975,686,0,679,-7,3,676
01-017-053,874,631,0,629,-2,4,625
01-017-054,759,503,0,501,-2,2,499
01-017-055,920,611,0,609,-2,0,609
01-017-056,1018,671,0,668,-3,3,665
01-017-057,813,523,0,522,-1,5,517
01-017-058,929,583,0,584,1,13,571
01-017-059,1092,678,0,678,0,7,671
01-017-060,990,615,0,615,0,4,611
01-017-061,1011,591,0,588,-3,4,584
01-017-062,726,476,0,476,0,1,475
01-017-063,847,556,0,555,-1,3,552
01-017-064,989,687,0,687,0,6,681
01-017-065,908,622,0,621,-1,3,618
01-017-066,888,596,0,596,0,6,590
01-017-067,928,644,0,644,0,1,643
01-017-068,917,614,0,614,0,10,604
01-017-069,896,603,0,604,1,13,591
01-017-070,904,653,0,654,1,21,633
01-017-071,909,610,0,610,0,6,604
01-017-072,969,685,0,685,0,3,682
01-017-073,986,727,0,727,0,2,725
01-017-074,683,457,0,458,1,13,445
01-017-075,1270,880,0,880,0,7,873
01-018-001,1115,768,0,768,0,6,762
01-018-002,898,609,0,609,0,8,601
01-018-003,1092,683,0,682,-1,7,675
01-018-004,1041,712,0,711,-1,4,707
01-018-005,1378,752,0,750,-2,9,741
01-018-006,925,580,0,580,0,6,574
01-018-007,867,527,0,527,0,4,523
01-018-008,818,471,0,471,0,4,467
01-018-009,756,460,0,460,0,6,454
01-018-010,973,668,0,667,-1,9,658
01-018-011,1183,635,0,634,-1,2,632
01-018-012,817,583,0,582,-1,5,577
01-018-013,987,638,0,637,-1,3,634
01-018-014,943,647,0,647,0,4,643
01-018-015,946,636,0,637,1,16,621
01-018-016,863,570,0,570,0,2,568
01-018-017,856,583,0,583,0,3,580
01-018-018,997,677,0,677,0,2,675
01-018-019,1045,718,0,718,0,8,710
01-018-020,885,604,0,604,0,6,598
01-018-021,1044,707,0,707,0,5,702
01-018-022,848,551,0,550,-1,3,547
01-018-023,931,644,0,643,-1,4,639
01-018-024,974,557,1,556,-1,3,553
01-018-025,885,535,0,535,0,5,530
01-018-026,1101,646,0,649,3,35,614
01-018-027,1176,680,0,680,0,10,670
01-018-028,998,674,2,674,0,8,666
01-018-029,1181,597,0,597,0,7,590
01-018-030,1026,543,0,542,-1,2,540
01-018-031,1192,627,0,625,-2,4,621
01-018-032,1011,506,0,505,-1,4,501
01-018-033,985,457,0,458,1,20,438
01-018-034,820,408,0,408,0,7,401
01-018-035,948,517,0,516,-1,2,514
01-018-036,928,477,0,477,0,3,474
01-018-037,889,461,0,461,0,2,459
01-018-038,953,494,0,494,0,7,487
01-018-039,891,478,0,478,0,1,477
01-018-040,959,588,0,586,-2,9,577
01-018-041,1026,641,0,636,-5,5,631
01-018-042,1108,688,0,689,1,16,673
01-018-043,798,513,0,513,0,5,508
01-018-044,1182,811,0,806,-5,2,804
01-018-045,702,444,1,444,0,0,444
01-018-046,935,637,0,637,0,4,633
01-018-047,1027,686,0,685,-1,5,680
01-018-048,810,536,0,535,-1,2,533
01-018-049,1094,714,0,714,0,7,707
01-018-050,1033,754,0,752,-2,1,751
01-018-051,893,635,0,635,0,4,631
01-018-052,984,693,0,693,0,1,692
01-018-053,1168,854,0,854,0,5,849
01-018-054,1352,777,0,777,0,9,768
01-018-055,1090,736,0,736,0,2,734
01-018-056,1222,828,0,828,0,7,821
01-018-057,1084,780,0,778,-2,6,772
01-018-058,949,624,1,623,-1,4,619
01-018-059,1013,760,0,757,-3,1,756
01-018-060,1151,735,0,734,-1,4,730
01-018-061,1334,842,0,842,0,2,840
01-018-062,1191,776,0,776,0,5,771
01-018-063,1185,791,0,790,-1,6,784
01-018-064,948,555,0,556,1,15,541
01-018-065,1114,684,0,683,-1,5,678
01-018-066,757,461,0,461,0,1,460
01-018-067,1090,714,0,711,-3,8,703
01-018-068,951,607,0,605,-2,6,599
01-018-069,1198,767,0,767,0,7,760
01-018-070,1056,676,0,676,0,4,672
01-018-071,878,543,0,543,0,6,537
01-018-072,1118,701,3,701,0,5,696
01-018-073,1131,745,0,745,0,7,738
01-018-074,1168,733,0,733,0,6,727
01-018-075,1230,841,0,839,-2,10,829
01-018-076,956,615,0,602,-13,0,602
01-018-077,891,626,0,626,0,5,621
01-019-001,950,554,0,555,1,12,543
01-019-002,1100,608,1,607,-1,1,606
01-019-003,1115,621,0,621,0,5,616
01-019-004,1005,634,0,636,2,29,607
01-019-005,1235,740,0,739,-1,11,728
01-019-006,1123,636,0,636,0,3,633
01-019-007,1015,629,0,631,2,28,603
01-019-008,892,563,0,563,0,3,560
01-019-009,973,604,0,605,1,18,587
01-019-010,877,518,0,517,-1,5,512
01-019-011,1374,778,0,765,-13,3,762
01-019-012,1217,733,0,733,0,9,724
01-019-013,1041,622,0,622,0,9,613
01-019-014,1134,630,0,631,1,15,616
01-019-015,1063,635,1,633,-2,5,628
01-019-016,1001,637,0,637,0,8,629
01-019-017,1054,685,0,685,0,4,681
01-019-018,1358,694,0,673,-21,3,670
01-019-019,872,536,0,536,0,1,535
01-019-020,1143,647,0,647,0,7,640
01-019-021,777,441,0,442,1,13,429
01-019-022,1194,668,0,667,-1,5,662
01-019-023,876,593,0,594,1,19,575
01-019-024,932,640,0,640,0,11,629
01-019-025,855,632,0,635,3,40,595
01-019-026,1142,807,0,806,-1,7,799
01-019-027,944,659,0,659,0,6,653
01-019-028,894,638,0,636,-2,7,629
01-019-029,1036,683,0,683,0,10,673
01-019-030,1084,671,0,669,-2,7,662
01-019-031,1040,664,0,664,0,6,658
01-019-032,1148,680,0,679,-1,8,671
01-019-033,892,579,0,579,0,4,575
01-019-034,1057,648,0,648,0,8,640
01-019-035,1231,803,0,803,0,6,797
01-019-036,1064,698,0,697,-1,6,691
01-019-037,775,472,0,470,-2,9,461
01-019-038,974,624,0,623,-1,0,623
01-019-039,933,513,0,513,0,6,507
01-019-040,963,640,0,639,-1,7,632
01-019-041,945,664,1,665,1,15,650
01-019-042,1190,863,0,863,0,4,859
01-019-043,211,168,0,168,0,0,168
01-020-001,764,416,0,417,1,20,397
01-020-002,1199,859,0,859,0,2,857
01-020-003,727,396,0,396,0,4,392
01-020-004,596,295,0,295,0,1,294
01-020-005,775,436,0,436,0,4,432
01-020-006,875,505,0,504,-1,5,499
01-020-007,606,348,0,348,0,2,346
01-020-008,755,470,0,470,0,5,465
01-020-009,788,414,0,414,0,5,409
01-020-010,648,366,0,366,0,6,360
01-020-011,680,425,0,425,0,2,423
01-020-012,815,375,0,375,0,1,374
01-020-013,937,596,0,596,0,2,594
01-020-014,692,360,0,359,-1,6,353
01-020-015,706,332,0,332,0,5,327
01-020-016,895,383,0,384,1,17,367
01-020-017,901,418,0,417,-1,4,413
01-020-018,691,301,0,300,-1,8,292
01-020-019,1278,712,0,710,-2,14,696
01-020-020,1051,572,0,572,0,10,562
01-020-021,802,468,0,468,0,8,460
01-020-022,838,517,0,518,1,17,501
01-020-023,662,423,0,422,-1,6,416
01-020-024,622,370,6,364,-6,7,357
01-020-025,782,425,0,425,0,0,425
01-020-026,840,486,0,486,0,4,482
01-020-027,595,338,0,338,0,3,335
01-020-028,621,343,0,343,0,2,341
01-020-029,610,355,0,355,0,3,352
01-020-030,688,423,0,423,0,6,417
01-020-031,1015,366,0,366,0,1,365
01-020-032,591,338,0,338,0,6,332
01-020-033,622,360,0,359,-1,2,357
01-020-034,744,460,0,460,0,3,457
01-020-035,849,452,0,452,0,1,451
01-020-036,874,433,0,433,0,8,425
01-020-037,846,438,0,438,0,9,429
01-020-038,678,385,0,385,0,1,384
01-020-039,1010,595,0,596,1,19,577
01-020-040,942,583,0,581,-2,6,575
01-020-041,777,505,0,505,0,2,503
01-020-042,955,524,0,525,1,16,509
01-020-043,761,456,0,456,0,1,455
01-020-044,745,395,0,395,0,4,391
01-020-045,845,517,0,518,1,13,505
01-020-046,612,386,0,386,0,2,384
01-020-047,832,508,0,508,0,5,503
01-020-048,621,385,0,385,0,2,383
01-020-049,883,573,0,572,-1,3,569
01-020-050,1032,630,0,629,-1,5,624
01-020-051,799,535,6,519,-16,5,514
01-020-052,759,439,0,435,-4,5,430
01-020-053,655,400,0,400,0,4,396
01-020-054,822,455,0,455,0,6,449
01-020-055,604,358,0,358,0,2,356
01-020-056,918,511,0,510,-1,1,509
01-020-057,802,449,0,449,0,1,448
01-020-058,961,524,0,524,0,6,518
01-020-059,779,464,0,464,0,4,460
01-020-060,882,485,1,484,-1,6,478
01-020-061,630,327,0,327,0,2,325
01-020-062,175,141,0,141,0,0,141
01-021-001,815,586,0,586,0,10,576
01-021-002,825,574,0,573,-1,6,567
01-021-003,750,574,9,567,-7,8,559
01-021-004,751,535,0,535,0,8,527
01-021-005,860,581,0,580,-1,8,572
01-021-006,812,554,0,552,-2,7,545
01-021-007,726,490,0,488,-2,4,484
01-021-008,975,680,0,680,0,5,675
01-021-009,958,628,0,628,0,11,617
01-021-010,945,677,0,673,-4,7,666
01-021-011,717,473,0,474,1,16,458
01-021-012,774,537,0,535,-2,4,531
01-021-013,767,480,0,480,0,5,475
01-021-014,954,657,0,655,-2,6,649
01-021-015,908,667,0,665,-2,5,660
01-021-016,818,585,1,584,-1,6,578
01-021-017,954,687,0,687,0,9,678
01-021-018,890,628,0,621,-7,4,617
01-021-019,727,532,0,532,0,4,528
01-021-020,664,483,0,484,1,14,470
01-021-021,724,461,0,461,0,4,457
01-021-022,821,547,0,549,2,25,524
01-021-023,747,455,0,455,0,8,447
01-021-024,734,435,0,435,0,9,426
01-021-025,768,461,0,461,0,4,457
01-021-026,823,521,0,521,0,6,515
01-021-027,716,469,0,468,-1,4,464
01-021-028,927,543,1,543,0,4,539
01-021-029,645,348,0,348,0,7,341
01-021-030,699,369,0,369,0,8,361
01-021-031,681,387,0,386,-1,9,377
01-021-032,929,579,0,579,0,7,572
01-021-033,776,424,0,423,-1,15,408
01-021-034,697,298,0,298,0,2,296
01-021-035,709,287,0,287,0,5,282
01-021-036,772,432,0,432,0,4,428
01-021-037,788,486,0,486,0,5,481
01-021-038,969,440,0,440,0,3,437
01-021-039,641,336,0,336,0,5,331
01-021-040,882,527,0,527,0,5,522
01-021-041,754,375,0,375,0,11,364
01-021-042,930,505,0,503,-2,7,496
01-021-043,1022,606,0,606,0,3,603
01-021-044,649,389,0,387,-2,3,384
01-021-045,651,389,0,387,-2,4,383
01-021-046,629,336,0,336,0,6,330
01-021-047,664,359,0,357,-2,2,355
01-021-048,822,587,0,587,0,3,584
01-021-049,756,520,0,516,-4,4,512
01-021-050,785,502,0,502,0,7,495
01-021-051,912,623,0,622,-1,7,615
01-021-052,718,438,0,437,-1,13,424
01-021-053,772,464,0,464,0,9,455
01-021-054,761,523,1,525,2,25,500
01-021-055,808,527,0,527,0,6,521
01-021-056,749,420,0,419,-1,4,415
01-021-057,714,430,0,430,0,2,428
01-021-058,893,624,0,620,-4,5,615
01-021-059,882,600,1,598,-2,6,592
01-021-060,778,529,0,529,0,6,523
01-021-061,724,483,0,483,0,6,477
01-021-062,779,426,0,426,0,10,416
01-021-063,700,461,0,461,0,7,454
01-021-064,814,475,0,475,0,5,470
01-021-065,1097,511,0,512,1,14,498
01-021-066,839,517,0,517,0,7,510
01-021-067,876,422,0,423,1,21,402
01-021-068,938,592,0,592,0,10,582
01-021-069,721,487,0,486,-1,14,472
01-021-070,760,424,1,424,0,4,420
01-022-001,1083,817,0,815,-2,5,810
01-022-002,928,651,0,651,0,4,647
01-022-003,1264,944,0,944,0,6,938
01-022-004,1344,984,0,984,0,2,982
01-022-005,1439,1070,0,1070,0,7,1063
01-022-006,1428,1079,0,1078,-1,12,1066
01-022-007,899,564,0,559,-5,6,553
01-022-008,821,509,0,508,-1,4,504
01-022-009,766,440,0,440,0,5,435
01-022-010,824,452,0,450,-2,2,448
01-022-011,1271,810,0,810,0,2,808
01-022-012,1331,1009,0,1007,-2,5,1002
01-022-013,1150,756,0,756,0,4,752
01-022-014,1101,763,0,763,0,2,761
01-022-015,1064,758,0,755,-3,3,752
01-022-016,1197,824,0,827,3,37,790
01-022-017,1023,683,0,680,-3,5,675
01-022-018,1035,589,0,588,-1,4,584
01-022-019,1217,882,0,882,0,3,879
01-022-020,1155,861,2,861,0,10,851
01-022-021,1134,799,0,799,0,3,796
01-022-022,975,733,0,732,-1,8,724
01-022-023,1091,772,0,771,-1,0,771
01-022-024,1392,1035,0,1035,0,9,1026
01-022-025,1068,767,0,767,0,8,759
01-022-026,1234,823,0,822,-1,6,816
01-022-027,1198,868,0,868,0,4,864
01-022-028,1097,754,0,756,2,23,733
01-022-029,1317,832,0,832,0,4,828
01-022-030,1113,685,0,683,-2,7,676
01-022-031,1447,923,1,923,0,5,918
01-022-032,1189,813,0,813,0,7,806
01-022-033,1209,769,0,767,-2,8,759
01-022-034,1270,789,0,788,-1,7,781
01-022-035,1214,689,0,689,0,6,683
01-022-036,1384,774,0,774,0,9,765
01-022-037,1385,824,0,824,0,3,821
01-023-001,628,364,0,364,0,11,353
01-023-002,724,426,0,426,0,2,424
01-023-003,716,469,0,469,0,4,465
01-023-004,643,415,0,415,0,3,412
01-023-005,803,491,0,491,0,3,488
01-023-006,793,544,1,543,-1,6,537
01-023-007,933,547,0,545,-2,4,541
01-023-008,606,343,0,341,-2,5,336
01-023-009,635,386,0,384,-2,3,381
01-023-010,687,406,0,404,-2,8,396
01-023-011,659,393,0,390,-3,6,384
01-023-012,766,474,0,473,-1,6,467
01-023-013,745,466,0,465,-1,8,457
01-023-014,678,400,0,403,3,33,370
01-023-015,746,429,0,429,0,12,417
01-023-016,790,480,0,480,0,8,472
01-023-017,719,408,0,408,0,7,401
01-023-018,694,392,0,392,0,7,385
01-023-019,779,553,0,553,0,6,547
01-023-020,768,488,0,488,0,8,480
01-023-021,816,423,0,423,0,10,413
01-023-022,823,589,0,588,-1,15,573
01-023-023,732,477,0,476,-1,4,472
01-023-024,807,528,0,518,-10,3,515
02-001-001,481,359,0,359,0,9,350
02-002-001,134,97,0,97,0,6,91
02-003-001,278,214,0,212,-2,12,200
02-004-001,68,59,0,59,0,0,59
02-005-001,232,128,0,128,0,8,120
02-006-001,838,712,0,707,-5,46,661
02-007-001,102,69,0,69,0,1,68
02-008-001,280,126,0,125,-1,4,121
02-009-001,137,106,0,106,0,5,101
02-010-001,147,92,0,92,0,5,87
02-011-001,572,322,0,322,0,6,316
02-012-001,95,81,0,78,-3,5,73
02-013-001,284,212,0,212,0,11,201
02-014-001,216,141,0,141,0,4,137
02-015-001,650,481,0,481,0,10,471
02-016-001,142,112,0,112,0,5,107
02-017-001,347,231,0,231,0,8,223
02-018-001,80,54,0,54,0,0,54
02-019-001,153,123,0,123,0,3,120
02-020-001,132,105,0,105,0,9,96
02-021-001,454,303,0,303,0,8,295
02-022-001,315,222,1,222,0,5,217
02-023-001,640,432,0,432,0,14,418
02-023-002,620,404,0,404,0,13,391
02-023-003,639,397,0,397,0,5,392
02-024-001,643,460,0,456,-4,12,444
02-025-001,92,72,0,72,0,6,66
02-026-001,169,100,0,100,0,3,97
02-027-001,810,529,0,528,-1,12,516
02-028-001,547,315,0,315,0,9,306
02-029-001,427,295,0,295,0,9,286
02-030-001,199,154,0,154,0,5,149
02-031-001,344,205,0,205,0,6,199
02-032-001,168,87,0,87,0,2,85
02-033-001,919,492,0,492,0,3,489
02-034-001,331,238,0,238,0,4,234
02-035-001,197,121,0,121,0,4,117
02-036-001,295,223,0,223,0,4,219
02-037-001,313,206,0,206,0,11,195
02-038-001,107,91,0,91,0,7,84
02-039-001,271,183,0,183,0,8,175
02-040-001,688,406,0,405,-1,6,399
02-040-002,701,447,0,447,0,7,440
02-040-003,657,470,0,470,0,1,469
02-040-004,694,455,0,455,0,14,441
02-041-001,484,316,0,316,0,7,309
02-041-002,387,220,0,220,0,13,207
02-042-001,61,44,0,44,0,5,39
02-043-001,111,66,0,66,0,5,61
02-044-001,493,296,0,296,0,10,286
02-045-001,62,50,0,50,0,1,49
02-046-001,291,211,0,210,-1,19,191
02-047-001,554,355,0,355,0,8,347
02-048-001,318,227,0,227,0,6,221
02-049-001,128,88,0,88,0,4,84
02-050-001,159,114,0,114,0,8,106
02-051-001,447,279,0,279,0,20,259
02-052-001,69,54,0,54,0,4,50
02-053-001,532,359,0,359,0,9,350
02-054-001,139,99,0,99,0,8,91
02-055-001,170,110,0,110,0,1,109
02-056-001,366,224,0,222,-2,6,216
02-057-001,131,110,0,110,0,9,101
02-058-001,82,49,0,49,0,2,47
02-059-001,224,173,0,173,0,10,163
02-060-001,93,86,0,86,0,8,78
02-061-001,557,385,0,385,0,17,368
02-062-001,128,103,0,102,-1,6,96
02-063-001,304,227,0,227,0,11,216
02-064-001,800,447,0,446,-1,11,435
02-064-002,716,442,0,442,0,13,429
02-065-001,778,437,0,437,0,4,433
02-066-001,243,192,0,192,0,8,184
02-067-001,587,298,0,298,0,2,296
02-068-001,188,121,1,121,0,4,117
02-069-001,295,214,0,214,0,21,193
02-070-001,54,43,0,43,0,2,41
02-071-001,273,197,0,197,0,4,193
02-072-001,227,170,0,170,0,7,163
02-073-001,147,87,0,87,0,1,86
02-074-001,164,139,0,138,-1,7,131
02-075-001,106,59,0,59,0,3,56
02-076-001,671,442,0,442,0,11,431
02-077-001,241,190,0,190,0,6,184
02-078-001,401,259,0,259,0,3,256
02-079-001,352,229,0,229,0,3,226
02-079-002,239,158,0,158,0,3,155
02-080-001,147,103,0,103,0,5,98
02-081-001,259,189,0,188,-1,28,160
02-082-001,218,126,0,126,0,10,116
02-083-001,455,253,0,253,0,7,246
02-083-002,170,100,0,100,0,5,95
02-084-001,644,358,0,357,-1,10,347
02-084-002,536,250,0,251,1,19,232
02-084-003,135,57,0,55,-2,0,55
02-085-001,291,176,0,176,0,4,172
02-086-001,629,365,0,362,-3,6,356
02-087-001,101,80,0,80,0,2,78
02-088-001,221,137,0,137,0,7,130
02-089-001,937,564,0,564,0,7,557
02-089-002,1066,641,0,640,-1,4,636
02-089-003,1035,657,0,657,0,8,649
02-089-004,1258,686,0,685,-1,5,680
02-090-001,255,166,0,166,0,6,160
02-091-001,98,61,0,61,0,0,61
02-092-001,327,212,0,212,0,8,204
02-093-001,285,161,0,161,0,11,150
02-094-001,372,269,0,269,0,12,257
02-095-001,817,490,0,490,0,15,475
02-095-002,845,505,0,505,0,15,490
02-096-001,815,508,0,508,0,10,498
02-097-001,168,103,0,103,0,2,101
02-098-001,362,186,0,186,0,4,182
02-098-002,384,205,0,204,-1,4,200
02-099-001,459,312,0,311,-1,6,305
02-100-001,45,37,0,37,0,0,37
02-101-001,920,523,0,523,0,13,510
02-101-002,839,479,0,478,-1,10,468
02-101-003,956,522,0,522,0,13,509
02-102-001,40,32,0,32,0,3,29
02-103-001,152,98,0,98,0,7,91
02-104-001,190,134,0,134,0,9,125
02-105-001,166,139,0,139,0,5,134
02-106-001,90,74,0,74,0,2,72
02-107-001,166,130,0,130,0,4,126
02-108-001,215,175,0,175,0,8,167
02-109-001,104,76,0,76,0,6,70
02-110-001,157,105,0,105,0,3,102
02-111-001,264,150,0,150,0,3,147
02-112-001,222,141,0,141,0,3,138
02-113-001,260,188,0,188,0,9,179
02-114-001,46,38,0,38,0,0,38
02-115-001,1145,804,0,802,-2,17,785
02-116-001,135,106,0,106,0,2,104
02-117-001,371,265,0,265,0,8,257
02-118-001,535,347,0,347,0,16,331
02-119-001,711,447,0,446,-1,15,431
02-120-001,154,131,0,131,0,5,126
02-121-001,63,35,0,35,0,1,34
02-122-001,73,49,0,49,0,0,49
02-123-001,99,64,0,63,-1,2,61
02-124-001,185,136,0,136,0,8,128
02-125-001,149,108,0,108,0,3,105
02-126-001,404,230,0,230,0,4,226
02-127-001,162,102,0,102,0,2,100
02-128-001,81,47,0,47,0,0,47
02-129-001,194,140,0,139,-1,8,131
02-130-001,237,164,0,164,0,1,163
02-131-001,132,93,0,93,0,2,91
02-132-001,121,99,0,99,0,2,97
02-132-002,68,44,0,44,0,1,43
02-133-001,97,68,0,68,0,5,63
02-134-001,170,143,0,143,0,4,139
02-135-001,255,173,0,173,0,5,168
02-136-001,236,145,0,145,0,6,139
02-137-001,865,345,0,345,0,4,341
02-137-002,851,401,0,401,0,12,389
02-137-003,957,396,0,396,0,2,394
02-137-004,1122,544,0,538,-6,5,533
02-137-005,965,464,0,464,0,2,462
02-137-006,1149,524,0,524,0,7,517
02-137-007,756,369,0,369,0,5,364
02-137-008,766,374,0,374,0,8,366
02-137-009,1203,562,0,562,0,11,551
02-137-010,686,333,0,333,0,4,329
02-137-011,744,436,0,435,-1,6,429
02-137-012,1149,436,0,436,0,4,432
02-137-013,1145,467,0,467,0,4,463
02-137-014,1079,460,0,460,0,3,457
02-137-015,1172,513,0,512,-1,8,504
02-137-016,879,348,0,348,0,6,342
02-137-017,1346,576,0,578,2,26,552
02-137-018,848,512,0,512,0,4,508
02-137-019,699,412,0,412,0,4,408
02-137-020,350,208,0,208,0,0,208
02-137-021,591,294,0,294,0,2,292
02-137-022,157,98,0,98,0,0,98
02-138-001,198,152,0,152,0,8,144
02-139-001,55,44,0,38,-6,2,36
02-140-001,1013,628,0,628,0,14,614
02-140-002,1026,696,0,696,0,9,687
02-140-003,1075,774,0,773,-1,10,763
02-140-004,1103,769,0,766,-3,6,760
02-140-005,999,679,0,679,0,11,668
02-141-001,156,115,0,115,0,4,111
02-142-001,165,72,0,72,0,0,72
02-143-001,549,356,0,356,0,6,350
02-144-001,801,478,0,478,0,13,465
02-145-001,609,466,0,465,-1,17,448
02-145-002,504,309,0,309,0,6,303
02-146-001,273,171,0,171,0,3,168
02-147-001,137,109,0,109,0,1,108
02-148-001,1038,703,0,702,-1,13,689
02-148-002,930,542,0,541,-1,17,524
02-149-001,292,211,0,211,0,3,208
02-150-001,396,194,0,194,0,5,189
02-151-001,150,102,0,102,0,6,96
02-152-001,206,117,0,117,0,2,115
02-153-001,229,122,0,122,0,4,118
02-154-001,157,132,0,132,0,8,124
02-155-001,755,428,0,428,0,15,413
02-156-001,571,396,0,396,0,6,390
02-157-001,415,313,0,313,0,7,306
02-157-002,88,63,0,63,0,0,63
02-158-001,64,39,0,39,0,0,39
02-159-001,252,189,0,189,0,3,186
02-160-001,246,187,0,187,0,4,183
02-161-001,802,563,1,563,0,10,553
02-162-001,155,120,0,120,0,7,113
02-163-001,745,466,0,465,-1,9,456
02-164-001,148,75,0,75,0,1,74
02-165-001,51,42,0,42,0,2,40
02-166-001,60,54,0,54,0,5,49
02-167-001,193,131,0,131,0,3,128
02-168-001,279,234,0,234,0,7,227
02-169-001,923,600,0,600,0,8,592
02-169-002,885,493,0,493,0,3,490
02-170-001,670,474,0,474,0,6,468
02-171-001,155,128,0,128,0,4,124
02-172-001,435,247,0,248,1,11,237
02-173-001,351,260,0,260,0,6,254
02-174-001,700,449,0,451,2,31,420
02-174-002,228,147,0,147,0,2,145
02-175-001,642,461,0,460,-1,8,452
02-175-002,618,369,0,369,0,5,364
02-176-001,336,209,0,209,0,1,208
02-177-001,212,108,0,108,0,3,105
02-178-001,186,142,0,141,-1,7,134
02-179-001,104,48,0,48,0,7,41
02-180-001,241,113,0,112,-1,2,110
02-180-002,357,210,0,210,0,6,204
02-181-001,759,483,0,482,-1,5,477
02-181-002,592,370,0,370,0,5,365
02-181-003,628,354,0,352,-2,8,344
02-181-004,845,519,1,518,-1,7,511
02-181-005,577,346,0,346,0,1,345
02-181-006,638,416,0,415,-1,5,410
02-181-007,787,466,0,466,0,3,463
02-181-008,632,384,0,384,0,5,379
02-181-009,577,227,0,227,0,1,226
02-181-010,989,651,0,651,0,3,648
02-181-011,700,333,0,333,0,6,327
02-181-012,840,497,0,497,0,4,493
02-181-013,672,427,0,427,0,5,422
02-181-014,761,461,0,464,3,32,432
02-181-015,800,447,0,447,0,4,443
02-181-016,783,398,0,398,0,5,393
02-181-017,735,338,0,330,-8,10,320
02-181-018,673,329,0,328,-1,8,320
02-181-019,814,439,0,439,0,9,430
02-181-020,84,34,0,34,0,0,34
02-181-021,174,94,0,94,0,3,91
02-181-022,50,19,0,19,0,0,19
02-181-023,426,243,0,243,0,6,237
02-182-001,145,101,0,101,0,4,97
02-183-001,147,103,0,103,0,3,100
02-184-001,454,278,0,278,0,7,271
02-184-002,212,112,0,112,0,0,112
02-185-001,135,97,0,96,-1,3,93
02-186-001,99,87,0,87,0,1,86
02-187-001,460,302,0,299,-3,14,285
02-188-001,215,149,0,149,0,9,140
02-189-001,559,350,0,350,0,12,338
02-189-002,584,307,0,307,0,8,299
02-190-001,779,524,0,524,0,6,518
02-190-002,839,586,0,587,1,28,559
02-191-001,564,420,0,421,1,18,403
02-192-001,305,162,0,161,-1,1,160
02-193-001,530,332,0,333,1,17,316
02-194-001,264,192,0,192,0,3,189
02-195-001,232,173,0,171,-2,7,164
02-196-001,96,78,0,78,0,3,75
02-196-002,86,57,0,57,0,1,56
02-197-001,189,136,1,136,0,2,134
02-198-001,115,52,0,52,0,2,50
02-199-001,76,63,0,63,0,2,61
02-200-001,475,349,0,349,0,12,337
02-201-001,230,199,0,199,0,7,192
02-202-001,946,662,0,662,0,15,647
02-203-001,244,177,0,177,0,2,175
02-204-001,102,81,0,81,0,4,77
02-205-001,304,190,0,190,0,4,186
02-206-001,284,202,0,202,0,8,194
02-207-001,116,99,0,99,0,5,94
02-208-001,69,44,0,44,0,1,43
02-209-001,207,171,0,171,0,7,164
02-210-001,642,475,0,475,0,7,468
02-211-001,250,137,0,137,0,10,127
02-212-001,127,104,0,104,0,3,101
02-213-001,1049,547,0,547,0,6,541
02-213-002,845,481,0,482,1,17,465
02-214-001,140,111,0,111,0,6,105
02-215-001,171,130,0,130,0,7,123
02-216-001,113,96,0,96,0,7,89
02-217-001,677,348,0,348,0,6,342
02-217-002,652,339,0,339,0,4,335
02-217-003,1013,445,0,445,0,2,443
02-217-004,951,495,0,495,0,2,493
02-217-005,827,372,0,372,0,0,372
02-217-006,791,333,1,332,-1,3,329
02-217-007,1166,548,0,548,0,5,543
02-217-008,1082,559,0,558,-1,4,554
02-217-009,771,410,2,408,-2,11,397
02-217-010,812,432,0,431,-1,5,426
02-217-011,963,387,0,386,-1,3,383
02-217-012,921,516,0,516,0,4,512
02-217-013,990,459,0,453,-6,11,442
02-217-014,801,404,0,404,0,7,397
02-217-015,862,521,0,521,0,2,519
02-217-016,773,479,0,478,-1,2,476
02-217-017,1235,739,0,739,0,3,736
02-217-018,1020,613,0,614,1,14,600
02-217-019,908,575,0,575,0,4,571
02-217-020,163,110,0,110,0,1,109
02-217-021,863,411,0,411,0,3,408
02-217-022,992,487,0,485,-2,3,482
02-217-023,853,546,0,546,0,3,543
02-217-024,944,612,0,612,0,1,611
02-217-025,661,322,0,322,0,2,320
02-217-026,740,403,0,403,0,1,402
02-217-027,1132,684,0,685,1,13,672
02-217-028,1115,755,0,755,0,4,751
02-217-029,1146,680,0,680,0,4,676
02-217-030,1001,612,4,609,-3,3,606
02-217-031,813,507,0,506,-1,1,505
02-217-032,784,507,0,505,-2,2,503
02-217-033,939,568,0,566,-2,1,565
02-217-034,885,576,0,576,0,1,575
02-217-035,1081,727,0,726,-1,5,721
02-217-036,1082,712,0,712,0,2,710
02-217-037,398,283,0,283,0,0,283
02-217-038,813,541,0,541,0,4,537
02-217-039,942,668,0,669,1,14,655
02-217-040,811,541,0,541,0,3,538
02-217-041,729,516,0,515,-1,6,509
02-217-042,861,538,0,538,0,1,537
02-217-043,501,299,0,297,-2,2,295
02-217-044,591,356,0,356,0,2,354
02-217-045,931,584,0,582,-2,2,580
02-217-046,1155,603,0,603,0,4,599
02-217-047,631,409,0,409,0,6,403
02-217-048,511,305,0,305,0,0,305
02-217-049,949,498,0,498,0,6,492
02-217-050,1068,655,2,653,-2,1,652
02-217-051,1140,730,0,728,-2,4,724
02-217-052,1425,1011,0,991,-20,4,987
02-217-053,828,487,0,487,0,2,485
02-217-054,973,549,0,549,0,3,546
02-217-055,815,434,0,434,0,4,430
02-217-056,967,578,0,578,0,0,578
02-217-057,849,562,0,561,-1,3,558
02-217-058,613,437,0,437,0,0,437
02-217-059,982,572,0,570,-2,5,565
02-217-060,734,447,0,446,-1,2,444
02-217-061,644,380,0,379,-1,1,378
02-217-062,871,484,0,484,0,7,477
02-217-063,942,517,0,516,-1,3,513
02-217-064,717,375,0,377,2,25,352
02-217-065,783,447,0,447,0,2,445
02-217-066,937,492,0,490,-2,2,488
02-217-067,1057,601,0,602,1,13,589
02-217-068,1060,545,0,545,0,3,542
02-217-069,1260,805,0,801,-4,3,798
02-217-070,933,563,0,565,2,24,541
02-217-071,1037,546,2,544,-2,4,540
02-217-072,1055,701,0,704,3,40,664
02-217-073,1064,658,0,657,-1,1,656
02-217-074,1108,702,0,702,0,1,701
02-217-075,971,628,0,628,0,6,622
02-217-076,1142,803,0,803,0,3,800
02-217-077,981,618,0,616,-2,8,608
02-217-078,1104,657,0,657,0,3,654
02-217-079,807,443,0,441,-2,11,430
02-217-080,1875,578,0,576,-2,7,569
02-217-081,809,442,0,442,0,3,439
02-217-082,934,553,0,553,0,4,549
02-217-083,986,674,0,674,0,2,672
02-217-084,1059,648,0,648,0,1,647
02-217-085,797,429,0,427,-2,0,427
02-217-086,865,542,0,542,0,2,540
02-217-087,969,543,0,543,0,2,541
02-217-088,884,440,0,440,0,6,434
02-217-089,958,441,0,441,0,4,437
02-217-090,1026,460,0,460,0,3,457
02-217-091,1051,531,1,529,-2,3,526
02-217-092,929,455,0,455,0,0,455
02-217-093,1051,559,0,560,1,14,546
02-217-094,1239,694,0,694,0,2,692
02-217-095,1166,641,0,641,0,4,637
02-217-096,1084,546,0,546,0,7,539
02-217-097,998,535,0,535,0,4,531
02-217-098,982,503,0,494,-9,5,489
02-217-099,870,425,0,425,0,3,422
02-217-100,1005,507,0,506,-1,2,504
02-217-101,947,490,0,489,-1,3,486
02-217-102,852,404,0,404,0,0,404
02-217-103,999,513,0,513,0,1,512
02-217-104,824,427,0,427,0,0,427
02-217-105,1037,521,0,521,0,3,518
02-217-106,1143,557,0,556,-1,3,553
02-217-107,1149,580,0,580,0,6,574
02-217-108,941,481,0,480,-1,5,475
02-217-109,1011,550,0,550,0,3,547
02-217-110,1366,826,0,826,0,2,824
02-217-111,1130,716,0,716,0,4,712
02-217-112,887,486,0,486,0,5,481
02-217-113,891,468,0,467,-1,3,464
02-217-114,847,467,0,466,-1,6,460
02-217-115,952,559,0,559,0,2,557
02-217-116,1081,605,0,604,-1,2,602
02-217-117,912,436,0,435,-1,3,432
02-218-001,78,58,0,58,0,1,57
02-219-001,83,43,0,43,0,1,42
02-220-001,663,481,0,480,-1,5,475
02-221-001,1143,726,0,726,0,7,719
02-221-002,1046,686,0,685,-1,12,673
02-221-003,1028,565,0,565,0,11,554
02-222-001,173,132,0,132,0,5,127
02-223-001,1064,673,0,671,-2,6,665
02-224-001,146,78,0,77,-1,1,76
02-225-001,168,132,0,132,0,8,124
02-226-001,136,91,0,91,0,6,85
02-227-001,456,336,0,336,0,6,330
02-228-001,255,171,0,170,-1,4,166
02-229-001,156,120,1,120,0,6,114
02-230-001,80,68,0,68,0,5,63
02-231-001,843,423,0,423,0,21,402
02-231-002,809,450,0,450,0,5,445
02-231-003,765,415,0,415,0,9,406
02-232-001,508,308,0,308,0,3,305
02-233-001,637,404,0,403,-1,4,399
02-233-002,731,388,0,387,-1,5,382
02-233-003,777,493,0,491,-2,13,478
02-234-001,589,347,0,347,0,3,344
02-234-002,505,260,0,260,0,4,256
02-234-003,848,385,0,385,0,6,379
02-234-004,943,489,0,489,0,7,482
02-234-005,902,482,0,479,-3,10,469
02-234-006,952,511,0,504,-7,13,491
02-234-007,939,455,0,455,0,4,451
02-234-008,844,456,0,456,0,8,448
02-234-009,951,448,2,446,-2,8,438
02-235-001,105,84,0,84,0,8,76
02-236-001,282,220,0,220,0,8,212
02-237-001,585,349,0,348,-1,4,344
02-237-002,585,366,0,365,-1,9,356
02-238-001,358,213,0,213,0,6,207
02-239-001,238,188,1,188,0,10,178
02-240-001,189,140,0,140,0,4,136
02-240-002,104,82,0,82,0,6,76
02-241-001,165,120,0,120,0,8,112
02-242-001,117,101,0,101,0,12,89
02-243-001,253,175,0,175,0,6,169
02-243-002,64,54,0,54,0,0,54
02-244-001,665,434,0,434,0,10,424
02-245-001,645,427,0,426,-1,8,418
02-246-001,227,130,0,130,0,5,125
02-247-001,780,484,0,484,0,7,477
02-247-002,170,99,0,99,0,1,98
02-248-001,181,107,0,107,0,1,106
02-249-001,255,205,0,205,0,9,196
02-250-001,97,86,0,86,0,0,86
02-251-001,33,22,0,22,0,0,22
02-252-001,996,501,0,499,-2,6,493
02-252-002,894,531,0,530,-1,9,521
02-253-001,271,172,0,172,0,2,170
02-254-001,703,469,0,469,0,15,454
02-254-002,739,430,0,429,-1,13,416
02-255-001,111,61,0,61,0,0,61
02-256-001,414,210,0,210,0,4,206
02-257-001,256,170,0,170,0,6,164
02-258-001,261,199,0,199,0,6,193
02-259-001,76,53,0,53,0,4,49
02-260-001,617,399,0,399,0,10,389
02-261-001,710,435,0,435,0,8,427
02-261-002,701,398,0,398,0,7,391
02-261-003,703,425,0,424,-1,11,413
02-261-004,673,381,0,381,0,4,377
02-261-005,672,295,0,295,0,8,287
02-261-006,747,390,0,389,-1,5,384
02-261-007,650,367,0,367,0,6,361
02-261-008,146,68,0,68,0,3,65
02-262-001,445,308,0,308,0,11,297
02-263-001,891,514,0,513,-1,7,506
02-263-002,1038,650,0,648,-2,8,640
02-263-003,1208,761,0,759,-2,8,751
02-263-004,938,571,0,571,0,3,568
02-263-005,1036,578,0,577,-1,6,571
02-263-006,982,557,0,557,0,1,556
02-263-007,1116,650,0,650,0,7,643
02-263-008,246,128,0,128,0,1,127
02-263-009,556,250,0,250,0,9,241
02-264-001,225,136,0,135,-1,2,133
02-265-001,115,72,0,72,0,4,68
02-266-001,55,42,0,42,0,2,40
02-267-001,94,65,0,65,0,0,65
02-268-001,301,206,0,206,0,4,202
02-269-001,177,110,0,110,0,2,108
02-270-001,205,106,0,106,0,2,104
02-271-001,71,59,0,59,0,1,58
02-272-001,221,132,0,132,0,7,125
02-273-001,48,37,0,37,0,2,35
02-274-001,177,121,0,121,0,5,116
02-275-001,126,106,0,106,0,2,104
02-276-001,235,117,0,117,0,5,112
02-277-001,200,152,0,152,0,3,149
02-278-001,91,74,0,74,0,3,71
02-279-001,118,98,0,98,0,3,95
02-280-001,411,304,0,304,0,7,297
02-281-001,212,153,2,151,-2,8,143
02-282-001,110,87,0,87,0,0,87
02-283-001,811,498,0,498,0,17,481
02-284-001,698,417,0,417,0,8,409
02-284-002,672,396,0,395,-1,14,381
02-285-001,62,46,0,45,-1,0,45
02-286-001,186,166,0,166,0,12,154
02-287-001,149,113,0,112,-1,7,105
02-288-001,863,532,0,532,0,21,511
02-289-001,87,62,0,62,0,1,61
02-290-001,124,99,0,99,0,3,96
02-291-001,104,52,0,52,0,5,47
02-292-001,681,515,0,515,0,25,490
02-293-001,114,80,0,80,0,2,78
02-294-001,1085,755,0,755,0,27,728
02-295-001,855,415,0,415,0,9,406
02-295-002,772,445,0,445,0,8,437
02-295-003,133,71,0,71,0,1,70
02-296-001,184,142,0,142,0,5,137
02-297-001,656,453,0,453,0,15,438
02-298-001,185,103,0,103,0,2,101
02-299-001,246,192,0,191,-1,8,183
02-300-001,335,255,1,254,-1,3,251
02-301-001,247,161,0,161,0,10,151
03-001-001,1371,802,0,802,0,9,793
03-001-002,1255,694,0,692,-2,7,685
03-002-001,828,383,0,382,-1,7,375
03-002-002,841,397,0,397,0,11,386
03-003-001,774,495,0,495,0,13,482
03-003-002,732,477,0,477,0,7,470
03-004-001,985,552,0,552,0,7,545
03-004-002,1114,648,0,648,0,4,644
03-004-003,827,524,0,524,0,3,521
03-004-004,975,571,0,571,0,1,570
03-004-005,956,615,0,615,0,3,612
03-004-006,1166,729,0,727,-2,8,719
03-004-007,865,535,0,533,-2,1,532
03-004-008,799,487,0,487,0,5,482
03-004-009,879,538,0,537,-1,2,535
03-004-010,1011,629,2,627,-2,2,625
03-004-011,749,460,1,459,-1,2,457
03-004-012,937,636,0,636,0,3,633
03-004-013,827,516,0,515,-1,1,514
03-004-014,919,522,0,522,0,4,518
03-004-015,1093,635,0,630,-5,2,628
03-004-016,1230,742,0,742,0,2,740
03-004-017,894,530,0,530,0,4,526
03-004-018,813,507,0,507,0,1,506
03-004-019,663,426,0,425,-1,1,424
03-004-020,923,449,0,450,1,13,437
03-004-021,1062,596,0,595,-1,1,594
03-004-022,894,470,0,470,0,7,463
03-004-023,970,541,0,540,-1,8,532
03-004-024,1012,571,0,571,0,3,568
03-004-025,811,420,0,420,0,3,417
03-004-026,725,389,0,389,0,0,389
03-004-027,890,495,0,495,0,0,495
03-004-028,674,349,0,349,0,1,348
03-004-029,1025,536,0,535,-1,2,533
03-004-030,233,92,0,92,0,2,90
03-004-031,372,185,0,184,-1,3,181
03-004-032,468,209,1,208,-1,4,204
03-005-001,749,478,0,476,-2,7,469
03-005-002,1136,537,1,536,-1,5,531
03-005-003,1370,779,0,779,0,12,767
03-006-001,1145,594,1,593,-1,21,572
03-007-001,884,398,0,397,-1,7,390
03-007-002,920,382,0,380,-2,5,375
03-007-003,746,367,0,367,0,4,363
03-007-004,890,377,0,377,0,5,372
03-007-005,831,443,0,442,-1,8,434
03-007-006,874,450,0,450,0,9,441
03-008-001,1026,463,0,463,0,7,456
03-008-002,1047,472,0,470,-2,9,461
03-009-001,903,491,0,481,-10,15,466
03-010-001,116,74,0,74,0,1,73
03-011-001,273,183,0,183,0,10,173
03-012-001,642,396,0,396,0,7,389
03-012-002,617,383,0,381,-2,8,373
03-013-001,826,469,0,469,0,5,464
03-013-002,800,402,0,402,0,11,391
03-014-001,982,591,0,591,0,9,582
03-015-001,699,416,0,416,0,10,406
03-015-002,724,433,0,433,0,16,417
03-016-001,914,466,0,466,0,5,461
03-016-002,907,442,0,442,0,2,440
03-016-003,326,139,0,139,0,3,136
03-017-001,215,136,0,136,0,4,132
03-018-001,612,348,0,347,-1,6,341
03-018-002,609,384,0,383,-1,8,375
03-018-003,607,420,0,419,-1,10,409
03-019-001,547,313,0,313,0,6,307
03-019-002,566,286,0,286,0,4,282
03-020-001,626,301,0,300,-1,7,293
03-020-002,751,316,0,316,0,6,310
03-021-001,832,557,0,556,-1,12,544
03-021-002,834,515,0,514,-1,9,505
03-022-001,607,349,0,349,0,5,344
03-023-001,684,326,0,326,0,4,322
03-023-002,562,280,0,280,0,2,278
03-024-001,799,413,0,413,0,9,404
03-024-002,778,404,0,403,-1,9,394
03-025-001,248,126,0,126,0,1,125
03-026-001,610,346,0,346,0,6,340
03-026-002,615,338,0,339,1,21,318
03-027-001,692,444,0,442,-2,9,433
03-028-001,843,392,0,391,-1,5,386
03-028-002,821,464,0,463,-1,6,457
03-028-003,918,430,0,430,0,10,420
03-029-001,620,311,0,311,0,7,304
03-030-001,467,298,0,297,-1,5,292
03-031-001,777,397,0,397,0,8,389
03-031-002,800,385,1,384,-1,6,378
03-031-003,785,344,0,344,0,8,336
03-031-004,782,307,0,307,0,6,301
03-032-001,765,541,0,539,-2,14,525
03-032-002,820,534,0,534,0,13,521
03-032-003,804,513,0,514,1,17,497
03-033-001,1061,503,0,503,0,6,497
03-033-002,1218,575,0,575,0,19,556
03-034-001,474,267,0,267,0,3,264
03-035-001,723,419,0,419,0,2,417
03-035-002,578,326,0,325,-1,2,323
03-036-001,799,406,0,406,0,6,400
03-037-001,881,492,0,492,0,11,481
03-037-002,638,344,0,344,0,5,339
03-038-001,666,401,0,402,1,16,386
03-038-002,528,311,0,311,0,7,304
03-039-001,693,448,0,448,0,10,438
03-040-001,920,606,0,602,-4,12,590
03-041-001,917,419,0,419,0,6,413
03-041-002,910,462,0,460,-2,13,447
03-042-001,671,324,0,323,-1,11,312
03-042-002,854,359,0,359,0,14,345
03-043-001,738,508,0,508,0,9,499
03-044-001,766,525,2,522,-3,9,513
03-045-001,823,536,0,534,-2,15,519
03-045-002,805,567,1,567,0,42,525
03-045-003,695,460,0,460,0,11,449
03-046-001,652,492,0,492,0,4,488
03-047-001,847,532,0,532,0,11,521
03-047-002,883,504,0,504,0,7,497
03-047-003,876,488,0,488,0,6,482
03-047-004,61,30,0,30,0,1,29
03-047-005,65,26,0,26,0,0,26
03-048-001,1407,709,0,709,0,5,704
03-048-002,1296,688,0,687,-1,6,681
03-048-003,1302,578,0,578,0,6,572
03-049-001,799,466,0,466,0,9,457
03-049-002,753,413,0,413,0,11,402
03-050-001,601,398,0,398,0,14,384
03-050-002,178,114,0,114,0,3,111
03-050-003,124,71,0,71,0,0,71
03-050-004,142,84,0,84,0,0,84
03-051-001,475,314,0,314,0,4,310
03-052-001,741,413,0,413,0,4,409
03-052-002,1026,596,0,596,0,13,583
03-052-003,787,458,0,456,-2,14,442
03-052-004,832,466,0,466,0,10,456
03-052-005,943,483,0,483,0,10,473
03-052-006,247,120,0,120,0,1,119
03-053-001,1105,676,0,672,-4,13,659
03-053-002,1039,650,0,650,0,7,643
03-054-001,1007,467,0,468,1,21,447
03-054-002,1060,671,0,671,0,7,664
03-054-003,1276,650,1,648,-2,13,635
03-054-004,1104,557,0,560,3,60,500
03-054-005,1200,707,0,706,-1,17,689
03-054-006,1116,600,0,599,-1,10,589
03-055-001,1070,705,0,705,0,8,697
03-055-002,977,661,0,661,0,11,650
03-056-001,833,500,0,496,-4,5,491
03-056-002,807,470,0,470,0,2,468
03-056-003,851,578,0,578,0,4,574
03-056-004,682,413,0,413,0,2,411
03-056-005,709,403,0,403,0,7,396
03-056-006,840,457,0,457,0,9,448
03-056-007,685,413,0,413,0,3,410
03-056-008,815,478,0,477,-1,11,466
03-056-009,141,84,0,84,0,2,82
03-056-010,723,400,0,397,-3,12,385
03-056-011,757,404,0,404,0,7,397
03-056-012,629,460,0,460,0,3,457
03-056-013,908,582,0,579,-3,5,574
03-056-014,710,464,0,464,0,5,459
03-056-015,762,545,0,545,0,6,539
03-056-016,735,520,0,519,-1,3,516
03-056-017,701,444,0,443,-1,5,438
03-057-001,789,537,0,537,0,12,525
03-058-001,682,357,0,357,0,8,349
03-058-002,670,368,0,368,0,7,361
03-059-001,1030,578,0,578,0,10,568
03-059-002,967,527,0,527,0,6,521
03-059-003,1001,629,0,629,0,9,620
03-059-004,790,499,0,499,0,10,489
03-059-005,1090,651,0,651,0,9,642
03-059-006,1061,594,0,594,0,6,588
03-059-007,632,347,0,346,-1,7,339
03-060-001,736,500,1,499,-1,3,496
03-060-002,1092,789,0,789,0,3,786
03-060-003,796,493,0,493,0,5,488
03-060-004,835,568,0,568,0,1,567
03-060-005,539,353,0,351,-2,1,350
03-060-006,1147,588,0,588,0,4,584
03-060-007,1128,604,0,604,0,6,598
03-060-008,963,443,0,443,0,4,439
03-060-009,1063,663,0,663,0,6,657
03-060-010,929,559,0,559,0,3,556
03-060-011,1005,584,0,583,-1,3,580
03-060-012,757,441,0,441,0,4,437
03-060-013,748,464,0,464,0,3,461
03-060-014,828,511,0,510,-1,4,506
03-060-015,806,489,0,487,-2,2,485
03-060-016,827,551,0,551,0,0,551
03-060-017,686,421,0,421,0,0,421
03-060-018,640,337,0,336,-1,3,333
03-060-019,1126,708,0,708,0,0,708
03-060-020,740,384,0,384,0,4,380
03-060-021,796,446,0,446,0,5,441
03-060-022,827,425,0,425,0,1,424
03-060-023,791,406,0,407,1,11,396
03-060-024,892,450,0,450,0,0,450
03-060-025,520,225,0,225,0,1,224
03-060-026,896,433,0,433,0,6,427
03-060-027,831,528,0,527,-1,8,519
03-060-028,938,488,0,488,0,2,486
03-060-029,854,439,1,441,2,19,422
03-060-030,866,530,0,530,0,1,529
03-060-031,881,597,0,597,0,1,596
03-060-032,1026,566,0,566,0,3,563
03-060-033,693,412,0,411,-1,3,408
03-060-034,1009,542,4,538,-4,2,536
03-060-035,744,437,0,438,1,13,425
03-060-036,948,558,1,555,-3,1,554
03-060-037,923,484,0,484,0,1,483
03-060-038,894,496,0,496,0,3,493
03-060-039,608,385,0,385,0,1,384
03-060-040,905,639,0,637,-2,1,636
03-060-041,1014,690,0,690,0,0,690
03-060-042,808,565,0,565,0,1,564
03-060-043,1051,636,0,636,0,4,632
03-060-044,1038,591,0,591,0,6,585
03-060-045,593,402,0,402,0,5,397
03-060-046,1022,615,0,615,0,3,612
03-060-047,949,499,0,500,1,12,488
03-060-048,947,571,0,571,0,0,571
03-060-049,815,473,0,473,0,2,471
03-060-050,531,357,0,357,0,1,356
03-060-051,684,388,0,388,0,1,387
03-060-052,967,573,0,573,0,5,568
03-060-053,1018,616,0,616,0,2,614
03-060-054,797,461,0,461,0,3,458
03-060-055,816,225,0,225,0,6,219
03-060-056,639,197,2,195,-2,5,190
03-060-057,775,414,0,415,1,12,403
03-060-058,1059,697,1,697,0,3,694
03-060-059,903,579,0,579,0,2,577
03-060-060,468,300,0,300,0,2,298
03-060-061,635,408,0,408,0,5,403
03-060-062,876,564,0,564,0,4,560
03-060-063,755,419,0,418,-1,4,414
03-060-064,1066,669,0,669,0,7,662
03-060-065,859,521,0,521,0,3,518
03-060-066,835,455,0,455,0,1,454
03-060-067,994,597,0,597,0,4,593
03-060-068,562,260,0,260,0,3,257
03-060-069,954,517,0,515,-2,6,509
03-060-070,983,563,0,563,0,3,560
03-060-071,662,238,0,238,0,6,232
03-060-072,847,399,1,400,1,16,384
03-060-073,1165,528,0,528,0,5,523
03-060-074,1135,679,0,679,0,2,677
03-060-075,1255,724,0,722,-2,3,719
03-060-076,866,435,1,434,-1,1,433
03-060-077,825,421,0,421,0,2,419
03-060-078,597,291,0,291,0,1,290
03-060-079,787,412,0,412,0,6,406
03-060-080,646,338,2,336,-2,0,336
03-060-081,807,461,0,461,0,2,459
03-060-082,1026,561,0,559,-2,2,557
03-060-083,669,259,0,259,0,2,257
03-060-084,665,365,0,365,0,3,362
03-060-085,1180,497,0,496,-1,4,492
03-060-086,731,327,1,327,0,1,326
03-060-087,1099,701,0,702,1,13,689
03-060-088,1072,620,0,620,0,3,617
03-060-089,1201,474,0,474,0,6,468
03-060-090,1110,543,0,543,0,3,540
03-060-091,369,201,0,201,0,1,200
03-060-092,1152,693,0,693,0,1,692
03-060-093,1002,517,0,516,-1,2,514
03-060-094,1227,794,0,794,0,2,792
03-060-095,582,237,0,237,0,3,234
03-060-096,571,281,0,281,0,1,280
03-060-097,797,521,0,521,0,3,518
03-060-098,743,343,1,342,-1,3,339
03-061-001,582,305,0,305,0,8,297
03-061-002,635,366,0,366,0,1,365
03-061-003,674,359,0,359,0,3,356
03-061-004,100,42,0,42,0,2,40
03-062-001,1071,516,0,516,0,10,506
03-062-002,967,496,0,496,0,6,490
03-062-003,950,464,1,464,0,3,461
03-062-004,955,465,0,465,0,4,461
03-062-005,1109,514,0,514,0,7,507
03-063-001,342,209,0,208,-1,6,202
03-064-001,626,351,0,351,0,2,349
03-064-002,603,343,0,343,0,2,341
03-064-003,1281,779,0,778,-1,8,770
03-064-004,1292,798,0,798,0,4,794
03-064-005,706,487,0,485,-2,3,482
03-064-006,826,460,0,460,0,9,451
03-064-007,1346,780,0,781,1,20,761
03-064-008,1438,793,3,793,0,9,784
03-064-009,764,326,0,325,-1,4,321
03-064-010,777,473,0,471,-2,3,468
03-064-011,1353,820,0,820,0,6,814
03-065-001,816,490,0,490,0,3,487
03-065-002,664,439,0,439,0,2,437
03-065-003,787,469,0,467,-2,11,456
03-065-004,767,390,0,390,0,8,382
03-065-005,734,416,0,416,0,8,408
03-065-006,710,395,0,394,-1,3,391
03-065-007,867,530,0,531,1,13,518
03-065-008,625,352,0,352,0,3,349
03-065-009,643,339,0,339,0,2,337
03-065-010,824,502,0,502,0,3,499
03-065-011,817,481,0,480,-1,8,472
03-065-012,692,307,0,306,-1,6,300
03-065-013,706,391,0,391,0,2,389
03-065-014,965,522,0,522,0,10,512
03-065-015,834,428,3,424,-4,2,422
03-065-016,1149,665,0,663,-2,6,657
03-065-017,952,538,0,538,0,4,534
03-065-018,206,79,0,79,0,0,79
03-065-019,261,131,0,131,0,1,130
03-065-020,835,360,0,359,-1,2,357
03-065-021,974,444,0,444,0,4,440
03-065-022,412,177,0,177,0,2,175
03-065-023,625,317,0,317,0,1,316
03-065-024,656,340,0,340,0,5,335
03-065-025,792,462,0,462,0,5,457
03-065-026,845,519,0,520,1,14,506
03-065-027,773,440,0,440,0,5,435
03-065-028,821,472,0,471,-1,7,464
03-065-029,664,257,0,257,0,3,254
03-065-030,742,368,0,368,0,5,363
03-065-031,1071,491,1,490,-1,3,487
03-066-001,675,371,0,370,-1,2,368
03-066-002,589,321,0,320,-1,1,319
03-066-003,780,340,0,340,0,11,329
03-066-004,1014,339,0,339,0,5,334
03-066-005,710,522,0,521,-1,1,520
03-066-006,691,422,0,421,-1,3,418
03-066-007,805,459,0,459,0,1,458
03-066-008,686,380,0,380,0,6,374
03-066-009,918,528,1,530,2,29,501
03-066-010,1011,359,0,359,0,13,346
03-066-011,684,298,0,298,0,4,294
03-066-012,721,341,1,341,0,6,335
03-066-013,899,541,0,541,0,6,535
03-066-014,642,275,0,275,0,2,273
03-066-015,657,399,0,399,0,5,394
03-066-016,645,367,0,367,0,6,361
03-066-017,597,336,0,336,0,2,334
03-066-018,739,366,0,366,0,1,365
03-066-019,618,306,0,306,0,3,303
03-066-020,635,343,0,343,0,3,340
03-066-021,611,289,0,289,0,4,285
03-066-022,639,361,0,361,0,2,359
03-066-023,589,284,0,284,0,5,279
03-066-024,588,247,0,247,0,9,238
03-066-025,674,382,1,381,-1,1,380
03-066-026,629,363,0,363,0,3,360
03-066-027,654,316,1,314,-2,7,307
03-066-028,627,292,0,292,0,3,289
03-066-029,727,350,0,350,0,2,348
03-066-030,772,306,0,306,0,3,303
03-067-001,819,462,0,462,0,5,457
03-067-002,811,406,0,406,0,3,403
03-067-003,986,538,0,536,-2,11,525
03-067-004,1064,594,0,594,0,4,590
03-067-005,1132,576,0,576,0,5,571
03-067-006,1098,515,0,515,0,7,508
03-067-007,1096,576,0,574,-2,18,556
03-067-008,1183,590,0,589,-1,15,574
03-067-009,216,79,0,78,-1,1,77
03-067-010,378,182,0,182,0,0,182
03-068-001,974,480,0,477,-3,3,474
03-068-002,909,502,2,498,-4,5,493
03-069-001,543,332,0,332,0,8,324
03-070-001,1128,559,0,559,0,9,550
03-071-001,577,308,0,307,-1,3,304
03-071-002,630,345,0,345,0,7,338
03-072-001,551,240,0,240,0,3,237
03-073-001,974,606,0,606,0,6,600
03-073-002,761,500,0,499,-1,9,490
03-073-003,104,65,0,65,0,4,61
03-074-001,623,425,0,425,0,8,417
03-075-001,1383,802,0,801,-1,7,794
03-076-001,771,420,0,420,0,9,411
03-076-002,940,462,0,462,0,7,455
03-076-003,751,320,0,320,0,3,317
03-076-004,778,423,0,423,0,8,415
03-076-005,862,558,0,557,-1,5,552
03-076-006,980,514,0,514,0,9,505
03-076-007,1091,562,0,562,0,19,543
03-076-008,313,137,0,137,0,2,135
03-077-001,1390,638,0,638,0,26,612
03-078-001,992,583,0,583,0,7,576
03-078-002,974,615,0,613,-2,6,607
03-078-003,1113,663,0,663,0,9,654
03-078-004,1151,522,0,519,-3,2,517
03-078-005,1210,499,0,496,-3,18,478
03-078-006,1256,629,0,627,-2,4,623
03-078-007,1307,522,0,521,-1,9,512
03-078-008,586,272,0,272,0,6,266
03-078-009,545,245,0,245,0,1,244
03-079-001,801,391,0,391,0,4,387
03-079-002,657,346,0,346,0,3,343
03-079-003,905,440,0,440,0,4,436
03-079-004,1124,583,0,583,0,6,577
03-079-005,460,168,0,167,-1,1,166
03-080-001,751,406,1,406,0,8,398
03-080-002,763,429,0,429,0,7,422
03-080-003,712,379,0,378,-1,9,369
03-081-001,400,256,0,256,0,5,251
03-082-001,736,414,0,414,0,19,395
03-082-002,748,462,0,462,0,4,458
03-082-003,763,389,0,389,0,19,370
03-082-004,816,401,0,399,-2,20,379
03-082-005,790,372,0,372,0,18,354
03-082-006,81,37,0,37,0,2,35
03-083-001,649,298,0,298,0,4,294
03-083-002,637,385,0,385,0,9,376
03-084-001,331,211,0,211,0,1,210
03-085-001,932,497,0,497,0,6,491
03-085-002,851,445,0,445,0,14,431
03-086-001,820,436,0,436,0,8,428
03-086-002,581,385,0,385,0,9,376
03-087-001,944,596,0,596,0,10,586
03-087-002,901,526,0,526,0,8,518
03-088-001,352,219,0,219,0,2,217
03-089-001,921,383,0,383,0,8,375
03-089-002,887,417,0,417,0,3,414
03-089-003,811,348,0,348,0,4,344
03-090-001,612,351,0,350,-1,5,345
03-091-001,936,451,0,451,0,5,446
03-092-001,686,354,0,354,0,6,348
03-092-002,670,336,0,335,-1,7,328
03-093-001,646,391,0,391,0,3,388
03-093-002,558,279,0,279,0,6,273
03-094-001,745,445,0,445,0,9,436
03-095-001,1020,551,0,551,0,13,538
03-096-001,687,396,0,396,0,4,392
03-096-002,889,477,0,474,-3,3,471
03-096-003,671,375,0,375,0,9,366
03-096-004,863,509,0,510,1,14,496
03-096-005,929,499,0,498,-1,8,490
03-096-006,1005,470,0,469,-1,8,461
03-097-001,1056,709,0,708,-1,19,689
03-098-001,1094,725,0,724,-1,5,719
03-098-002,1141,677,1,677,0,7,670
03-098-003,883,553,0,552,-1,13,539
03-098-004,884,502,0,502,0,14,488
03-098-005,855,473,0,471,-2,11,460
03-098-006,823,471,0,471,0,10,461
03-099-001,996,494,0,494,0,13,481
03-099-002,902,440,0,440,0,7,433
03-099-003,977,457,0,457,0,10,447
03-100-001,605,294,0,294,0,1,293
03-100-002,658,323,0,323,0,8,315
03-100-003,681,386,0,386,0,8,378
03-100-004,639,322,0,322,0,6,316
03-100-005,650,328,0,328,0,5,323
03-100-006,679,356,0,356,0,8,348
03-100-007,685,378,0,378,0,7,371
03-100-008,272,114,0,114,0,0,114
03-101-001,935,530,0,530,0,9,521
03-102-001,747,391,0,390,-1,11,379
03-102-002,878,476,0,475,-1,16,459
03-102-003,728,397,0,397,0,13,384
03-103-001,970,630,0,629,-1,8,621
03-103-002,880,569,0,569,0,10,559
03-104-001,573,249,0,249,0,4,245
03-104-002,928,596,0,596,0,8,588
03-105-001,1087,651,1,650,-1,13,637
03-106-001,865,486,0,486,0,7,479
03-107-001,1122,562,0,562,0,10,552
03-107-002,1141,521,0,521,0,10,511
03-108-001,949,594,0,593,-1,6,587
03-109-001,652,452,0,451,-1,13,438
03-109-002,666,422,0,422,0,6,416
03-110-001,725,345,0,345,0,8,337
03-110-002,755,383,0,383,0,4,379
03-110-003,816,436,0,436,0,10,426
03-110-004,732,352,0,352,0,6,346
03-110-005,889,542,0,542,0,5,537
03-111-001,1253,608,0,607,-1,7,600
03-111-002,1225,690,0,688,-2,5,683
03-111-003,1152,713,0,712,-1,5,707
03-111-004,1219,593,0,593,0,4,589
03-111-005,1181,548,0,546,-2,2,544
03-111-006,1069,463,0,463,0,5,458
03-111-007,691,252,0,252,0,1,251
03-111-008,400,160,0,160,0,8,152
03-111-009,650,296,0,294,-2,2,292
03-111-010,310,113,0,113,0,1,112
03-112-001,641,383,0,383,0,11,372
03-113-001,704,267,0,266,-1,4,262
03-113-002,658,319,0,318,-1,6,312
03-113-003,707,356,0,356,0,6,350
03-113-004,699,319,0,319,0,6,313
03-113-005,837,302,0,302,0,3,299
03-114-001,715,365,0,365,0,7,358
03-115-001,134,100,0,100,0,2,98
03-116-001,303,239,0,238,-1,8,230
03-117-001,888,507,0,507,0,11,496
03-117-002,983,588,0,589,1,18,571
03-117-003,840,507,0,507,0,8,499
03-118-001,930,623,0,623,0,6,617
03-118-002,799,472,0,472,0,8,464
03-119-001,564,373,0,373,0,8,365
04-001-001,629,292,0,292,0,8,284
04-002-001,668,351,0,351,0,14,337
04-002-002,625,361,0,361,0,9,352
04-002-003,545,271,0,271,0,2,269
04-002-004,768,392,0,392,0,11,381
04-002-005,838,466,0,466,0,13,453
04-002-006,789,435,0,434,-1,18,416
04-003-001,1068,540,0,540,0,5,535
04-003-002,972,491,0,491,0,6,485
04-003-003,1031,640,0,640,0,5,635
04-003-004,1075,688,0,688,0,8,680
04-003-005,1001,593,0,592,-1,9,583
04-003-006,1151,708,0,709,1,19,690
04-003-007,840,469,0,469,0,6,463
04-003-008,888,487,0,487,0,3,484
04-003-009,911,570,0,570,0,4,566
04-003-010,934,424,0,424,0,6,418
04-003-011,759,400,0,398,-2,6,392
04-003-012,928,352,0,352,0,10,342
04-003-013,848,487,0,487,0,6,481
04-003-014,854,508,0,507,-1,6,501
04-003-015,820,461,0,461,0,13,448
04-003-016,871,383,0,378,-5,11,367
04-004-001,650,387,0,387,0,6,381
04-004-002,552,345,0,345,0,1,344
04-004-003,585,380,0,380,0,3,377
04-004-004,853,573,1,572,-1,1,571
04-004-005,810,563,0,563,0,1,562
04-004-006,497,330,0,328,-2,3,325
04-004-007,754,437,0,437,0,5,432
04-004-008,559,306,0,306,0,1,305
04-004-009,1052,644,0,644,0,5,639
04-004-010,676,398,0,398,0,3,395
04-004-011,868,561,0,561,0,5,556
04-004-012,536,267,0,267,0,3,264
04-004-013,448,272,0,272,0,4,268
04-004-014,595,346,0,346,0,1,345
04-004-015,759,525,0,525,0,3,522
04-004-016,739,369,0,369,0,2,367
04-004-017,789,445,0,445,0,6,439
04-004-018,511,303,0,303,0,5,298
04-004-019,865,518,0,518,0,1,517
04-004-020,782,450,0,450,0,4,446
04-004-021,652,386,0,386,0,0,386
04-004-022,671,343,0,342,-1,4,338
04-004-023,570,294,0,295,1,13,282
04-004-024,495,248,0,248,0,2,246
04-004-025,439,235,0,235,0,2,233
04-004-026,467,232,0,232,0,1,231
04-004-027,616,322,0,321,-1,4,317
04-004-028,882,530,0,530,0,2,528
04-004-029,757,481,0,481,0,0,481
04-004-030,876,573,1,572,-1,5,567
04-004-031,573,325,0,325,0,3,322
04-004-032,692,318,2,316,-2,0,316
04-004-033,661,350,0,350,0,3,347
04-004-034,560,344,0,344,0,2,342
04-004-035,735,412,0,412,0,3,409
04-004-036,663,386,0,386,0,1,385
04-004-037,635,345,0,343,-2,3,340
04-004-038,611,382,0,382,0,4,378
04-004-039,643,341,0,341,0,1,340
04-004-040,517,275,0,274,-1,2,272
04-004-041,903,444,0,444,0,3,441
04-004-042,754,447,0,447,0,1,446
04-004-043,567,385,0,385,0,4,381
04-004-044,778,427,0,427,0,4,423
04-004-045,540,282,0,282,0,4,278
04-004-046,858,469,0,469,0,0,469
04-004-047,910,517,0,513,-4,4,509
04-004-048,941,553,0,553,0,3,550
04-004-049,710,389,0,388,-1,2,386
04-004-050,840,497,0,497,0,1,496
04-004-051,915,525,0,525,0,7,518
04-004-052,784,397,0,396,-1,0,396
04-004-053,538,358,0,358,0,0,358
04-004-054,158,65,0,65,0,0,65
04-004-055,235,120,0,120,0,0,120
04-004-056,728,431,0,431,0,3,428
04-004-057,817,471,0,470,-1,2,468
04-004-058,675,375,0,375,0,1,374
04-004-059,572,262,0,261,-1,2,259
04-004-060,806,479,0,479,0,2,477
04-004-061,254,104,0,104,0,1,103
04-004-062,1145,634,0,633,-1,7,626
04-004-063,695,430,0,430,0,0,430
04-004-064,859,546,0,546,0,1,545
04-004-065,552,338,0,338,0,3,335
04-004-066,475,270,0,269,-1,4,265
04-004-067,819,394,0,394,0,0,394
04-004-068,771,419,1,418,-1,4,414
04-005-001,579,307,0,307,0,9,298
04-005-002,635,322,0,322,0,11,311
04-005-003,609,278,0,278,0,6,272
04-006-001,498,333,0,332,-1,3,329
04-006-002,409,260,0,260,0,4,256
04-006-003,424,231,0,231,0,7,224
04-006-004,447,315,0,315,0,6,309
04-006-005,661,409,0,409,0,12,397
04-006-006,504,328,0,328,0,4,324
04-006-007,34,23,0,23,0,3,20
04-007-001,729,520,0,520,0,8,512
04-008-001,709,478,0,477,-1,6,471
04-009-001,860,434,1,433,-1,5,428
04-009-002,875,441,0,441,0,5,436
04-010-001,669,427,0,427,0,9,418
04-010-002,697,417,0,417,0,6,411
04-010-003,74,30,0,30,0,1,29
04-011-001,233,166,0,165,-1,4,161
04-012-001,939,503,0,503,0,7,496
04-012-002,1026,470,0,469,-1,9,460
04-013-001,333,245,0,245,0,3,242
04-014-001,784,346,0,346,0,11,335
04-014-002,796,294,0,294,0,5,289
04-014-003,787,328,0,328,0,7,321
04-014-004,690,272,0,272,0,10,262
04-014-005,779,303,0,303,0,2,301
04-015-001,727,324,0,300,-24,4,296
04-015-002,784,414,0,414,0,2,412
04-015-003,744,386,0,386,0,6,380
04-015-004,658,368,0,367,-1,10,357
04-015-005,598,361,0,361,0,11,350
04-015-006,641,333,0,333,0,4,329
04-015-007,771,431,0,431,0,5,426
04-015-008,738,371,0,371,0,10,361
04-016-001,770,308,0,308,0,8,300
04-016-002,642,357,0,357,0,9,348
04-016-003,727,390,0,390,0,18,372
04-016-004,615,341,0,341,0,6,335
04-016-005,607,302,0,302,0,13,289
04-017-001,599,373,0,374,1,17,357
04-017-002,512,303,0,302,-1,2,300
04-017-003,376,210,0,209,-1,4,205
04-018-001,428,304,0,304,0,7,297
04-019-001,903,540,0,540,0,16,524
04-020-001,465,289,0,287,-2,6,281
04-020-002,604,365,0,365,0,5,360
04-020-003,618,377,0,377,0,2,375
04-020-004,614,378,0,378,0,16,362
04-020-005,663,405,0,403,-2,10,393
04-020-006,623,371,0,371,0,16,355
04-021-001,839,533,0,533,0,9,524
04-021-002,832,542,0,542,0,10,532
04-021-003,870,527,0,527,0,18,509
04-021-004,953,541,0,541,0,17,524
04-021-005,924,595,0,596,1,27,569
04-022-001,929,460,0,457,-3,4,453
04-022-002,934,578,0,578,0,4,574
04-022-003,999,516,0,516,0,4,512
04-023-001,490,324,0,324,0,5,319
04-023-002,456,325,0,325,0,12,313
04-024-001,548,388,0,388,0,0,388
04-025-001,1354,777,0,777,0,11,766
04-025-002,1364,727,0,727,0,5,722
04-025-003,632,380,0,379,-1,3,376
04-025-004,630,323,0,323,0,2,321
04-025-005,705,320,0,320,0,4,316
04-025-006,617,268,0,268,0,1,267
04-025-007,1284,679,0,678,-1,5,673
04-025-008,710,321,0,321,0,1,320
04-025-009,696,343,0,343,0,6,337
04-025-010,1149,512,0,512,0,8,504
04-025-011,97,35,0,35,0,0,35
04-025-012,795,380,0,380,0,3,377
04-025-013,531,179,0,179,0,3,176
04-026-001,1127,730,0,730,0,9,721
04-026-002,1027,700,0,699,-1,9,690
04-026-003,609,374,0,374,0,3,371
04-026-004,695,447,0,447,0,2,445
04-026-005,666,325,0,325,0,4,321
04-026-006,1006,455,0,454,-1,3,451
04-026-007,1008,562,0,560,-2,4,556
04-026-008,1132,703,0,703,0,4,699
04-026-009,626,404,0,404,0,2,402
04-026-010,769,528,0,528,0,10,518
04-026-011,653,370,0,369,-1,6,363
04-026-012,664,346,0,345,-1,4,341
04-026-013,648,347,2,347,0,2,345
04-026-014,913,493,0,492,-1,1,491
04-026-015,790,530,1,529,-1,3,526
04-026-016,882,529,0,529,0,2,527
04-026-017,659,389,0,389,0,3,386
04-026-018,740,431,0,431,0,2,429
04-026-019,1211,650,0,647,-3,12,635
04-026-020,704,457,0,457,0,4,453
04-026-021,866,548,0,548,0,5,543
04-026-022,821,530,0,530,0,8,522
04-026-023,1019,633,0,632,-1,6,626
04-026-024,682,354,0,354,0,2,352
04-026-025,937,590,0,590,0,4,586
04-026-026,805,426,0,426,0,4,422
04-026-027,629,324,0,321,-3,1,320
04-026-028,625,362,0,361,-1,2,359
04-026-029,635,333,0,333,0,1,332
04-026-030,139,58,0,58,0,1,57
04-027-001,510,326,0,323,-3,7,316
04-028-001,469,332,0,331,-1,6,325
04-028-002,339,239,0,239,0,8,231
04-029-001,462,258,0,258,0,5,253
04-030-001,653,383,0,383,0,6,377
04-031-001,683,379,0,379,0,4,375
04-031-002,636,375,0,375,0,6,369
04-031-003,136,60,0,60,0,1,59
04-032-001,279,171,0,171,0,7,164
04-033-001,623,327,0,326,-1,15,311
04-033-002,697,420,0,420,0,13,407
04-034-001,751,390,0,389,-1,12,377
04-034-002,701,378,0,380,2,28,352
04-034-003,811,422,0,422,0,10,412
04-034-004,564,255,0,255,0,9,246
04-035-001,725,485,0,485,0,13,472
04-035-002,301,143,0,141,-2,3,138
04-036-001,349,224,0,223,-1,11,212
04-037-001,555,293,0,293,0,11,282
04-037-002,618,360,0,360,0,4,356
04-037-003,599,295,0,295,0,7,288
04-037-004,549,257,0,257,0,3,254
04-037-005,610,296,0,296,0,9,287
04-037-006,597,338,0,338,0,6,332
04-037-007,387,166,0,165,-1,1,164
04-038-001,792,481,3,481,0,7,474
04-038-002,875,458,0,458,0,7,451
04-038-003,842,543,0,543,0,7,536
04-038-004,867,566,0,566,0,6,560
04-039-001,459,308,0,307,-1,15,292
04-040-001,607,282,0,282,0,2,280
04-040-002,661,320,0,320,0,5,315
04-040-003,623,311,0,311,0,4,307
04-041-001,353,209,1,209,0,10,199
04-042-001,549,328,0,328,0,8,320
04-042-002,572,330,0,330,0,8,322
04-043-001,629,322,0,322,0,8,314
04-043-002,604,323,0,323,0,4,319
04-043-003,776,354,0,354,0,10,344
04-044-001,701,467,0,466,-1,13,453
04-044-002,593,379,0,379,0,10,369
04-045-001,565,363,0,363,0,9,354
04-045-002,455,274,0,274,0,2,272
04-045-003,536,323,0,324,1,19,305
04-046-001,171,115,0,115,0,2,113
04-047-001,474,301,0,300,-1,15,285
04-047-002,247,159,0,158,-1,11,147
04-048-001,945,551,0,550,-1,22,528
04-048-002,787,506,0,506,0,7,499
04-048-003,760,450,1,449,-1,21,428
04-048-004,242,107,0,107,0,2,105
04-049-001,1003,444,0,442,-2,21,421
04-049-002,964,482,1,482,0,18,464
04-049-003,996,568,0,568,0,6,562
04-049-004,1006,524,0,524,0,6,518
04-049-005,906,554,0,554,0,13,541
04-049-006,1052,437,0,436,-1,7,429
04-049-007,999,499,1,498,-1,1,497
04-049-008,942,456,0,454,-2,7,447
04-050-001,679,492,0,491,-1,8,483
04-050-002,75,55,0,55,0,5,50
04-051-001,653,322,0,321,-1,4,317
04-051-002,595,310,0,310,0,2,308
04-051-003,619,319,0,319,0,7,312
04-051-004,709,494,0,494,0,6,488
04-051-005,689,359,0,359,0,2,357
04-051-006,682,291,0,290,-1,5,285
04-052-001,768,438,1,437,-1,3,434
04-052-002,887,487,0,487,0,7,480
04-052-003,922,496,0,496,0,6,490
04-052-004,1011,555,0,555,0,10,545
04-052-005,890,425,0,425,0,11,414
04-053-001,826,589,0,581,-8,13,568
04-053-002,843,624,0,624,0,10,614
04-054-001,449,302,0,302,0,3,299
04-054-002,507,339,0,339,0,3,336
04-055-001,966,613,0,613,0,9,604
04-056-001,386,243,0,243,0,5,238
04-056-002,585,370,0,370,0,10,360
04-057-001,821,412,0,412,0,10,402
04-057-002,1071,621,0,621,0,10,611
04-057-003,911,474,0,473,-1,10,463
04-057-004,1044,606,0,606,0,6,600
04-058-001,870,522,0,522,0,14,508
04-058-002,891,557,0,555,-2,17,538
04-059-001,638,387,0,386,-1,1,385
04-059-002,1236,660,0,660,0,7,653
04-059-003,749,347,0,346,-1,5,341
04-059-004,993,614,0,614,0,8,606
04-059-005,821,439,0,439,0,1,438
04-059-006,467,285,0,284,-1,3,281
04-059-007,474,254,0,254,0,4,250
04-059-008,746,429,0,429,0,2,427
04-059-009,1167,653,0,650,-3,3,647
04-059-010,1089,588,0,587,-1,4,583
04-059-011,985,522,0,521,-1,4,517
04-059-012,113,55,0,55,0,1,54
04-059-013,481,262,0,262,0,2,260
04-059-014,1405,872,0,871,-1,11,860
04-059-015,896,475,0,475,0,1,474
04-059-016,721,377,0,377,0,3,374
04-059-017,1053,626,0,624,-2,11,613
04-059-018,949,562,0,561,-1,2,559
04-059-019,894,493,0,493,0,5,488
04-059-020,833,422,0,422,0,3,419
04-059-021,775,426,0,425,-1,5,420
04-059-022,444,270,0,270,0,3,267
04-059-023,365,197,0,197,0,3,194
04-059-024,818,378,0,375,-3,9,366
04-059-025,843,432,0,431,-1,7,424
04-059-026,593,264,0,264,0,2,262
04-059-027,627,285,0,285,0,9,276
04-059-028,147,60,0,60,0,1,59
04-059-029,141,76,0,76,0,0,76
04-059-030,585,355,0,355,0,0,355
04-059-031,63,29,0,29,0,0,29
04-060-001,268,196,0,195,-1,3,192
04-061-001,733,467,0,467,0,16,451
04-061-002,497,288,0,288,0,7,281
04-062-001,200,127,0,127,0,2,125
04-062-002,66,46,0,46,0,2,44
04-063-001,971,489,0,489,0,9,480
04-063-002,951,475,0,475,0,6,469
04-063-003,983,412,0,412,0,7,405
04-063-004,956,579,0,579,0,5,574
04-063-005,989,482,0,482,0,17,465
04-063-006,882,477,0,477,0,7,470
04-063-007,1010,575,0,574,-1,8,566
04-063-008,880,434,0,434,0,5,429
04-064-001,567,313,0,313,0,9,304
04-064-002,575,320,0,320,0,8,312
04-064-003,100,44,0,44,0,0,44
04-065-001,623,401,0,401,0,12,389
04-065-002,740,443,0,442,-1,4,438
04-065-003,684,397,0,396,-1,7,389
04-066-001,649,406,0,406,0,6,400
04-066-002,836,472,0,472,0,1,471
04-066-003,722,448,0,448,0,11,437
04-066-004,680,431,0,431,0,4,427
04-066-005,812,543,0,543,0,1,542
04-066-006,665,390,0,390,0,8,382
04-066-007,605,327,0,327,0,6,321
04-066-008,902,536,0,536,0,2,534
04-066-009,1048,743,0,742,-1,7,735
04-066-010,501,289,0,289,0,2,287
04-066-011,1164,682,2,679,-3,9,670
04-066-012,581,339,0,338,-1,1,337
04-066-013,762,400,0,400,0,5,395
04-066-014,864,474,1,474,0,3,471
04-066-015,205,109,0,109,0,1,108
04-066-016,203,104,0,104,0,2,102
04-066-017,362,186,0,186,0,0,186
04-066-018,548,279,0,279,0,0,279
04-067-001,986,531,0,531,0,5,526
04-067-002,1002,623,0,622,-1,12,610
04-067-003,820,439,0,438,-1,8,430
04-067-004,1006,572,0,572,0,5,567
04-067-005,960,475,0,475,0,9,466
04-067-006,1018,580,0,580,0,5,575
04-067-007,1029,435,0,435,0,10,425
04-068-001,632,340,0,340,0,6,334
04-069-001,600,337,0,337,0,5,332
04-069-002,664,355,0,355,0,5,350
04-070-001,462,258,0,258,0,2,256
04-070-002,648,353,0,353,0,6,347
04-070-003,485,313,0,315,2,30,285
04-070-004,491,292,0,292,0,1,291
04-070-005,499,226,0,226,0,5,221
04-070-006,483,253,0,253,0,2,251
04-070-007,731,436,0,436,0,4,432
04-070-008,790,432,0,432,0,9,423
04-071-001,762,397,0,397,0,4,393
04-071-002,656,342,0,340,-2,2,338
04-071-003,668,355,0,355,0,9,346
04-071-004,701,430,0,430,0,7,423
04-071-005,726,404,0,404,0,13,391
04-071-006,585,298,0,298,0,3,295
04-072-001,79,53,0,53,0,3,50
04-073-001,971,592,0,592,0,9,583
04-074-001,672,361,0,360,-1,3,357
04-074-002,645,364,0,364,0,9,355
04-074-003,716,425,0,425,0,7,418
04-074-004,653,415,0,415,0,7,408
04-074-005,879,445,0,443,-2,12,431
04-074-006,814,430,0,428,-2,13,415
04-074-007,792,307,0,307,0,4,303
04-075-001,599,392,0,390,-2,10,380
04-075-002,600,401,0,401,0,9,392
05-001-001,63,42,0,42,0,0,42
05-002-001,398,293,0,293,0,3,290
05-002-002,73,53,0,53,0,1,52
05-003-001,69,40,0,40,0,0,40
05-004-001,812,344,0,344,0,5,339
05-004-002,757,360,0,360,0,3,357
05-004-003,666,356,0,355,-1,4,351
05-005-001,133,99,0,99,0,1,98
05-006-001,117,67,0,67,0,3,64
05-007-001,134,103,0,103,0,2,101
05-008-001,430,332,0,332,0,6,326
05-009-001,566,341,0,341,0,7,334
05-010-001,570,298,0,298,0,7,291
05-011-001,219,146,0,146,0,2,144
05-012-001,71,64,0,64,0,2,62
05-013-001,151,127,0,127,0,1,126
05-014-001,319,253,0,253,0,2,251
05-015-001,105,75,0,75,0,2,73
05-016-001,1056,668,0,665,-3,24,641
05-017-001,731,441,0,438,-3,5,433
05-017-002,736,454,0,454,0,4,450
05-017-003,969,436,0,435,-1,13,422
05-017-004,801,509,0,508,-1,7,501
05-017-005,966,469,0,469,0,9,460
05-018-001,54,39,0,39,0,2,37
05-019-001,823,316,0,315,-1,27,288
05-019-002,824,382,0,381,-1,13,368
05-019-003,857,408,0,407,-1,18,389
05-020-001,839,556,0,556,0,7,549
05-020-002,1041,715,0,714,-1,7,707
05-021-001,682,466,0,447,-19,8,439
05-021-002,642,441,0,439,-2,13,426
05-022-001,779,503,0,503,0,18,485
05-023-001,532,377,0,375,-2,15,360
05-024-001,335,247,0,247,0,13,234
05-025-001,155,132,0,132,0,1,131
05-026-001,537,314,0,314,0,2,312
05-026-002,511,300,0,300,0,7,293
05-027-001,942,602,0,600,-2,23,577
05-028-001,24,21,0,21,0,0,21
05-029-001,936,538,0,538,0,9,529
05-029-002,1015,590,0,589,-1,2,587
05-030-001,868,552,0,552,0,18,534
05-031-001,215,175,0,175,0,3,172
05-032-001,749,439,0,439,0,11,428
05-033-001,962,514,0,514,0,15,499
05-034-001,763,560,0,560,0,8,552
05-035-001,654,455,0,455,0,7,448
05-036-001,693,470,0,470,0,6,464
05-037-001,789,454,0,454,0,10,444
05-037-002,866,496,0,495,-1,18,477
05-038-001,403,209,0,209,0,5,204
05-039-001,707,520,0,510,-10,18,492
05-040-001,1008,500,0,500,0,19,481
05-040-002,829,528,0,528,0,4,524
05-041-001,605,351,0,351,0,20,331
05-042-001,232,178,0,178,0,3,175
05-043-001,421,313,0,313,0,7,306
05-044-001,785,491,0,487,-4,7,480
05-044-002,806,485,0,485,0,6,479
05-044-003,650,353,0,351,-2,3,348
05-045-001,889,445,0,445,0,6,439
05-046-001,919,644,0,642,-2,21,621
05-047-001,190,148,0,148,0,16,132
05-048-001,78,46,0,46,0,1,45
05-049-001,734,511,0,511,0,10,501
05-050-001,146,99,0,99,0,3,96
05-051-001,773,482,0,477,-5,10,467
05-051-002,597,380,0,380,0,6,374
05-051-003,656,411,0,410,-1,2,408
05-052-001,1216,716,0,715,-1,9,706
05-053-001,594,385,0,385,0,3,382
05-053-002,727,435,0,435,0,5,430
05-054-001,118,104,0,104,0,2,102
05-055-001,931,650,0,650,0,11,639
05-056-001,816,569,0,569,0,6,563
05-057-001,132,92,0,92,0,0,92
05-058-001,789,347,0,347,0,12,335
05-058-002,714,402,0,401,-1,10,391
05-058-003,725,358,0,358,0,8,350
05-059-001,283,232,0,231,-1,3,228
05-060-001,815,611,0,611,0,8,603
05-061-001,320,261,1,260,-1,4,256
05-062-001,535,358,0,358,0,11,347
05-063-001,441,313,0,313,0,2,311
05-064-001,552,264,0,264,0,5,259
05-065-001,513,406,0,408,2,29,379
05-066-001,562,381,0,381,0,9,372
05-067-001,181,165,0,165,0,2,163
05-068-001,271,211,0,212,1,12,200
05-069-001,13,10,0,10,0,0,10
05-070-001,214,192,0,192,0,2,190
05-071-001,1138,757,0,752,-5,25,727
05-072-001,598,376,0,376,0,7,369
05-073-001,220,183,0,183,0,6,177
05-074-001,221,174,0,173,-1,1,172
05-075-001,924,554,0,554,0,11,543
05-075-002,978,695,0,694,-1,13,681
05-075-003,1070,614,0,613,-1,12,601
05-075-004,802,552,0,552,0,11,541
05-075-005,828,538,0,538,0,5,533
05-075-006,773,513,0,512,-1,17,495
05-075-007,1004,621,0,621,0,15,606
05-075-008,965,478,0,478,0,16,462
05-076-001,445,313,0,312,-1,6,306
05-077-001,731,364,0,364,0,3,361
05-077-002,780,448,0,448,0,3,445
05-077-003,781,377,1,376,-1,6,370
05-077-004,857,388,0,388,0,7,381
05-077-005,819,428,0,428,0,9,419
05-078-001,740,537,0,537,0,6,531
05-078-002,871,547,0,547,0,8,539
05-078-003,636,249,0,249,0,9,240
05-078-004,740,434,0,434,0,8,426
05-078-005,692,499,0,499,0,6,493
05-078-006,549,337,0,336,-1,5,331
05-078-007,468,252,0,251,-1,19,232
05-079-001,874,514,0,514,0,5,509
05-080-001,435,319,0,319,0,5,314
05-081-001,60,55,0,55,0,3,52
05-082-001,235,171,0,171,0,4,167
05-083-001,732,486,0,486,0,12,474
05-083-002,535,339,0,339,0,19,320
05-084-001,297,275,0,275,0,4,271
05-085-001,211,102,0,102,0,3,99
05-086-001,655,422,1,419,-3,26,393
05-087-001,162,139,0,137,-2,7,130
05-088-001,297,221,0,221,0,6,215
05-089-001,790,534,0,534,0,10,524
05-090-001,214,173,0,173,0,3,170
05-091-001,505,346,0,346,0,6,340
05-092-001,391,344,0,344,0,7,337
05-093-001,689,471,0,471,0,5,466
05-093-002,978,620,0,620,0,6,614
05-093-003,986,687,0,686,-1,20,666
05-093-004,603,409,0,409,0,8,401
05-093-005,948,567,0,566,-1,15,551
05-093-006,1011,581,1,580,-1,10,570
05-094-001,70,55,0,55,0,2,53
05-095-001,230,181,0,181,0,4,177
05-096-001,987,662,0,659,-3,15,644
05-096-002,930,675,0,672,-3,36,636
05-097-001,248,210,0,209,-1,11,198
05-098-001,314,263,0,263,0,6,257
05-099-001,103,97,0,97,0,8,89
05-100-001,241,207,0,207,0,2,205
05-101-001,242,180,0,180,0,6,174
05-102-001,147,92,0,92,0,3,89
05-103-001,32,26,0,26,0,0,26
05-104-001,134,116,0,116,0,3,113
05-105-001,180,148,0,148,0,1,147
05-106-001,64,53,0,53,0,3,50
05-107-001,272,227,0,227,0,4,223
05-108-001,428,300,0,300,0,6,294
05-109-001,585,270,0,270,0,5,265
05-109-002,553,290,0,290,0,7,283
05-109-003,648,348,0,348,0,9,339
05-109-004,209,91,0,91,0,5,86
05-110-001,613,382,0,382,0,13,369
05-111-001,485,416,0,416,0,6,410
05-112-001,70,61,0,61,0,1,60
05-113-001,691,476,0,475,-1,7,468
05-113-002,700,432,0,432,0,1,431
05-114-001,430,318,0,318,0,10,308
05-115-001,421,235,0,233,-2,8,225
05-116-001,618,427,0,426,-1,9,417
05-116-002,648,389,0,389,0,15,374
05-117-001,465,370,0,370,0,15,355
05-118-001,566,294,0,294,0,5,289
05-118-002,572,353,0,353,0,7,346
05-119-001,789,445,0,445,0,4,441
05-119-002,808,533,0,532,-1,6,526
05-120-001,117,77,0,77,0,2,75
05-121-001,92,81,0,81,0,3,78
05-122-001,211,183,0,183,0,8,175
05-123-001,613,345,0,345,0,9,336
05-123-002,644,327,0,327,0,4,323
05-124-001,811,541,0,541,0,6,535
05-125-001,233,161,0,161,0,3,158
05-126-001,791,540,0,540,0,19,521
05-127-001,555,461,1,458,-3,13,445
05-128-001,516,353,0,351,-2,6,345
05-129-001,120,117,0,116,-1,3,113
05-130-001,159,117,0,117,0,6,111
05-131-001,129,60,0,60,0,1,59
05-131-002,1073,662,0,662,0,9,653
05-132-001,239,178,0,177,-1,0,177
05-133-001,950,519,0,518,-1,12,506
05-133-002,866,498,0,498,0,12,486
05-133-003,900,560,0,565,5,65,500
05-134-001,160,133,0,133,0,9,124
05-135-001,291,234,0,234,0,1,233
05-136-001,126,111,0,111,0,0,111
05-137-001,662,531,0,530,-1,5,525
05-138-001,374,239,0,239,0,2,237
05-139-001,642,423,0,423,0,7,416
05-140-001,402,304,0,304,0,9,295
05-141-001,583,333,0,333,0,3,330
05-142-001,689,423,0,423,0,5,418
05-143-001,862,462,0,461,-1,10,451
05-144-001,79,52,0,52,0,1,51
05-145-001,897,608,0,608,0,12,596
05-146-001,80,62,0,62,0,0,62
05-147-001,645,402,0,402,0,3,399
05-147-002,610,330,0,330,0,10,320
05-148-001,391,291,0,290,-1,11,279
05-149-001,710,438,0,437,-1,6,431
05-149-002,593,345,0,345,0,14,331
05-150-001,223,172,0,172,0,5,167
05-151-001,685,441,0,441,0,10,431
05-151-002,651,459,1,458,-1,9,449
05-152-001,385,269,0,269,0,3,266
05-153-001,624,407,0,407,0,2,405
05-153-002,733,422,0,422,0,4,418
05-153-003,861,418,1,417,-1,6,411
05-153-004,1178,696,0,694,-2,3,691
05-153-005,801,472,0,472,0,4,468
05-153-006,868,359,0,357,-2,1,356
05-153-007,1086,367,0,367,0,6,361
05-153-008,902,344,0,344,0,3,341
05-153-009,604,364,0,364,0,1,363
05-153-010,586,340,0,340,0,3,337
05-153-011,1014,519,0,519,0,5,514
05-153-012,1122,432,0,431,-1,6,425
05-153-013,686,374,1,373,-1,3,370
05-153-014,862,421,0,421,0,3,418
05-153-015,553,242,0,242,0,1,241
05-153-016,960,398,0,396,-2,2,394
05-153-017,603,285,0,285,0,0,285
05-153-018,759,360,0,360,0,2,358
05-153-019,1101,495,0,495,0,1,494
05-153-020,661,292,0,292,0,2,290
05-153-021,595,319,0,319,0,3,316
05-153-022,583,270,0,270,0,2,268
05-153-023,594,331,0,330,-1,0,330
05-153-024,623,314,0,312,-2,2,310
05-153-025,781,373,1,373,0,3,370
05-153-026,707,360,0,360,0,6,354
05-154-001,418,249,0,249,0,5,244
05-155-001,127,101,0,101,0,3,98
05-156-001,109,100,0,100,0,0,100
05-157-001,704,549,1,549,0,9,540
05-158-001,351,232,0,232,0,8,224
05-159-001,927,530,0,530,0,8,522
05-160-001,58,38,0,38,0,0,38
05-161-001,660,399,0,399,0,3,396
05-161-002,635,374,0,381,7,48,333
05-162-001,131,114,0,114,0,9,105
05-163-001,126,82,0,82,0,3,79
05-163-002,451,297,0,297,0,9,288
05-164-001,132,100,0,100,0,3,97
05-165-001,666,415,0,416,1,25,391
05-165-002,620,353,0,353,0,10,343
05-166-001,237,182,0,182,0,2,180
05-167-001,257,160,0,160,0,7,153
05-168-001,168,134,0,134,0,6,128
05-169-001,238,165,0,165,0,3,162
05-170-001,877,539,0,539,0,3,536
05-170-002,979,618,0,618,0,8,610
05-171-001,123,94,0,94,0,1,93
05-172-001,194,159,0,159,0,0,159
05-173-001,464,273,0,273,0,4,269
05-174-001,237,199,0,198,-1,5,193
05-175-001,458,277,0,277,0,5,272
05-176-001,876,551,0,551,0,7,544
05-177-001,319,230,0,230,0,5,225
05-178-001,133,118,0,118,0,4,114
05-179-001,487,314,0,314,0,16,298
05-179-002,670,424,0,423,-1,11,412
05-180-001,442,361,0,357,-4,8,349
05-181-001,192,124,0,124,0,3,121
05-182-001,203,161,0,161,0,3,158
05-183-001,1143,825,0,825,0,16,809
05-184-001,325,173,0,173,0,9,164
05-185-001,205,141,1,140,-1,1,139
05-186-001,34,26,0,26,0,2,24
05-187-001,634,430,0,430,0,10,420
05-188-001,276,191,0,184,-7,9,175
05-189-001,880,624,0,624,0,7,617
05-189-002,765,566,0,566,0,9,557
05-190-001,837,489,1,489,0,4,485
05-190-002,750,430,0,429,-1,4,425
05-190-003,609,400,0,396,-4,6,390
05-190-004,625,420,0,420,0,3,417
05-190-005,665,456,0,456,0,6,450
05-191-001,390,289,0,289,0,4,285
05-192-001,628,322,0,322,0,10,312
05-192-002,645,427,0,427,0,10,417
05-192-003,646,413,0,413,0,7,406
05-193-001,141,100,0,99,-1,7,92
05-194-001,935,493,1,505,12,75,430
05-194-002,886,470,0,469,-1,9,460
05-194-003,937,532,0,531,-1,6,525
05-194-004,883,422,0,422,0,9,413
05-194-005,948,514,0,514,0,11,503
05-195-001,574,261,0,261,0,7,254
05-195-002,550,299,0,299,0,11,288
05-195-003,575,311,0,311,0,8,303
05-195-004,541,235,0,235,0,4,231
05-195-005,653,250,0,250,0,0,250
05-196-001,913,581,0,581,0,9,572
05-196-002,785,437,0,436,-1,2,434
05-196-003,825,466,0,465,-1,5,460
05-196-004,847,374,0,374,0,2,372
05-196-005,917,323,0,323,0,6,317
05-196-006,752,328,0,328,0,3,325
05-196-007,754,423,0,419,-4,2,417
05-196-008,757,441,0,441,0,1,440
05-196-009,734,455,0,455,0,5,450
05-196-010,1003,507,0,504,-3,5,499
05-196-011,943,441,0,441,0,6,435
05-196-012,699,370,0,370,0,1,369
05-196-013,804,437,0,437,0,6,431
05-196-014,644,359,0,359,0,5,354
05-196-015,705,447,0,446,-1,7,439
05-196-016,766,447,0,446,-1,1,445
05-197-001,787,537,0,537,0,11,526
05-198-001,719,379,0,379,0,6,373
05-198-002,626,370,0,370,0,12,358
05-199-001,933,663,0,663,0,10,653
05-199-002,849,628,0,627,-1,21,606
05-200-001,541,324,0,322,-2,7,315
05-200-002,542,395,0,395,0,5,390
05-201-001,427,306,0,306,0,5,301
05-202-001,872,388,0,388,0,2,386
05-202-002,903,370,0,369,-1,9,360
05-202-003,867,442,0,441,-1,5,436
05-202-004,839,373,0,371,-2,4,367
05-202-005,850,457,0,457,0,4,453
05-202-006,1095,491,1,488,-3,10,478
05-202-007,1076,528,0,528,0,5,523
05-202-008,823,571,0,571,0,3,568
05-202-009,803,525,0,524,-1,2,522
05-202-010,807,469,0,469,0,3,466
05-202-011,815,499,0,499,0,1,498
05-202-012,1097,709,0,709,0,7,702
05-202-013,1074,651,0,651,0,5,646
05-202-014,1145,702,0,702,0,2,700
05-202-015,913,489,0,487,-2,3,484
05-202-016,931,563,0,563,0,2,561
05-202-017,931,587,0,587,0,3,584
05-202-018,834,482,0,482,0,1,481
05-202-019,924,574,0,572,-2,5,567
05-202-020,1011,570,0,570,0,3,567
05-202-021,958,549,0,548,-1,4,544
05-202-022,1011,677,0,676,-1,1,675
05-202-023,715,416,0,415,-1,4,411
05-202-024,938,581,0,579,-2,1,578
05-202-025,892,480,0,480,0,3,477
05-202-026,890,563,1,563,0,5,558
05-202-027,960,548,0,548,0,3,545
05-202-028,1046,633,0,628,-5,4,624
05-202-029,955,488,0,488,0,7,481
05-202-030,935,385,0,385,0,2,383
05-202-031,950,399,0,399,0,2,397
05-202-032,963,425,0,426,1,14,412
05-202-033,962,437,0,437,0,3,434
05-202-034,949,351,0,350,-1,2,348
05-202-035,935,359,0,359,0,1,358
05-202-036,984,471,0,470,-1,3,467
05-202-037,960,355,0,355,0,4,351
05-202-038,961,356,0,356,0,4,352
05-202-039,980,464,0,464,0,2,462
05-202-040,947,386,0,386,0,7,379
05-202-041,941,400,0,400,0,2,398
05-202-042,932,417,0,417,0,3,414
05-202-043,940,654,0,654,0,0,654
05-202-044,956,519,0,518,-1,0,518
05-202-045,963,521,0,521,0,5,516
05-202-046,991,540,0,540,0,6,534
05-202-047,950,480,0,480,0,6,474
05-202-048,931,450,0,450,0,3,447
05-202-049,965,589,0,585,-4,4,581
05-202-050,1020,548,0,548,0,6,542
05-202-051,853,577,1,576,-1,5,571
05-202-052,742,520,0,520,0,3,517
05-202-053,814,452,0,452,0,1,451
05-202-054,1021,554,2,554,0,6,548
05-202-055,984,364,0,363,-1,12,351
05-202-056,985,392,0,393,1,16,377
05-202-057,933,516,0,516,0,0,516
05-202-058,940,659,0,658,-1,10,648
05-202-059,949,392,0,390,-2,3,387
05-202-060,906,450,0,450,0,3,447
05-202-061,943,480,0,480,0,4,476
05-202-062,918,437,2,437,0,2,435
05-202-063,880,452,0,452,0,4,448
05-202-064,935,519,0,519,0,3,516
05-202-065,889,532,0,532,0,0,532
05-202-066,858,522,0,522,0,1,521
05-202-067,1045,457,0,456,-1,2,454
05-202-068,949,563,0,563,0,6,557
05-202-069,920,506,0,506,0,1,505
05-202-070,923,527,0,530,3,33,497
05-202-071,1010,637,0,642,5,45,597
05-202-072,906,501,0,501,0,7,494
05-202-073,935,658,0,657,-1,5,652
05-202-074,980,582,0,581,-1,4,577
05-202-075,985,613,0,613,0,2,611
05-202-076,802,451,0,451,0,3,448
05-202-077,963,536,0,536,0,4,532
05-202-078,930,536,0,536,0,1,535
05-202-079,1027,581,0,581,0,5,576
05-202-080,966,503,0,503,0,4,499
05-202-081,912,457,0,457,0,7,450
05-202-082,932,496,0,494,-2,4,490
05-202-083,935,487,0,486,-1,3,483
05-202-084,892,486,0,486,0,1,485
05-202-085,1182,255,1,246,-9,22,224
05-202-086,839,385,0,385,0,2,383
05-202-087,946,549,0,549,0,3,546
05-202-088,939,578,0,578,0,5,573
05-202-089,962,466,0,466,0,1,465
05-202-090,935,438,0,435,-3,16,419
05-202-091,844,342,0,342,0,2,340
05-202-092,898,280,0,280,0,4,276
05-202-093,818,499,0,498,-1,2,496
05-202-094,907,590,0,590,0,4,586
05-202-095,896,586,0,586,0,2,584
05-202-096,879,451,3,451,0,4,447
05-202-097,886,479,0,479,0,2,477
05-202-098,890,483,0,482,-1,0,482
05-202-099,426,267,0,267,0,1,266
05-202-100,912,413,1,414,1,14,400
05-202-101,947,474,0,473,-1,3,470
05-202-102,919,424,0,424,0,1,423
05-202-103,929,467,0,467,0,0,467
05-202-104,904,509,0,507,-2,5,502
05-202-105,920,460,0,459,-1,2,457
05-202-106,921,451,1,449,-2,5,444
05-202-107,1011,548,0,548,0,4,544
05-202-108,983,521,0,521,0,6,515
05-202-109,922,561,0,561,0,6,555
05-202-110,918,509,0,509,0,1,508
05-202-111,947,573,0,573,0,8,565
05-202-112,915,559,1,559,0,4,555
05-202-113,956,524,0,524,0,2,522
05-202-114,951,285,0,286,1,17,269
05-202-115,946,370,0,370,0,6,364
05-202-116,917,425,0,424,-1,4,420
05-202-117,902,538,0,538,0,1,537
05-202-118,872,541,0,541,0,2,539
05-202-119,909,597,2,597,0,4,593
05-202-120,918,540,0,540,0,4,536
05-202-121,924,483,0,483,0,4,479
05-202-122,943,460,0,460,0,2,458
05-202-123,916,485,1,484,-1,5,479
05-202-124,897,486,0,484,-2,0,484
05-202-125,894,432,0,428,-4,2,426
05-202-126,858,523,0,521,-2,4,517
05-202-127,900,594,1,594,0,1,593
05-202-128,343,186,0,186,0,1,185
05-202-129,104,70,0,70,0,0,70
05-203-001,80,73,0,73,0,0,73
05-204-001,294,266,0,264,-2,8,256
05-205-001,600,393,0,393,0,9,384
05-205-002,606,447,0,447,0,10,437
05-206-001,399,279,0,279,0,4,275
05-207-001,749,423,0,423,0,6,417
05-207-002,721,367,0,366,-1,13,353
05-207-003,754,412,0,412,0,7,405
05-208-001,676,364,0,364,0,7,357
05-209-001,617,405,0,403,-2,7,396
05-210-001,37,30,0,30,0,1,29
05-211-001,214,135,0,135,0,2,133
05-212-001,500,359,0,359,0,9,350
05-213-001,540,219,0,219,0,2,217
05-214-001,713,472,0,470,-2,21,449
05-215-001,239,188,0,188,0,4,184
05-216-001,941,622,0,622,0,15,607
05-217-001,837,474,0,474,0,13,461
05-217-002,730,412,0,412,0,6,406
05-217-003,776,423,0,423,0,6,417
05-217-004,733,444,0,443,-1,5,438
05-217-005,1021,516,0,516,0,4,512
05-218-001,48,38,0,38,0,0,38
05-219-001,288,232,0,232,0,6,226
05-220-001,218,140,0,140,0,6,134
05-221-001,1160,710,0,710,0,15,695
05-222-001,738,417,0,417,0,11,406
05-222-002,818,392,0,392,0,14,378
05-222-003,907,554,0,554,0,2,552
05-222-004,891,527,0,526,-1,9,517
05-222-005,171,98,0,98,0,0,98
05-222-006,86,42,0,42,0,3,39
05-223-001,595,276,0,275,-1,5,270
05-223-002,562,285,0,279,-6,5,274
05-224-001,269,166,0,166,0,1,165
05-225-001,858,464,0,464,0,11,453
05-225-002,873,465,1,464,-1,8,456
05-226-001,582,258,0,258,0,2,256
05-226-002,825,363,0,363,0,3,360
05-226-003,889,460,0,459,-1,7,452
05-226-004,911,432,0,432,0,7,425
05-226-005,764,382,0,382,0,2,380
05-226-006,1200,668,0,665,-3,8,657
05-226-007,781,399,0,399,0,2,397
05-226-008,711,307,0,307,0,5,302
05-226-009,539,276,0,279,3,28,251
05-226-010,728,276,0,276,0,6,270
05-226-011,815,459,0,459,0,1,458
05-226-012,844,490,0,490,0,5,485
05-226-013,787,446,0,443,-3,5,438
05-226-014,765,379,0,379,0,3,376
05-226-015,720,412,0,412,0,2,410
05-226-016,609,410,0,410,0,2,408
05-226-017,643,373,0,373,0,1,372
05-226-018,291,178,0,178,0,1,177
05-226-019,629,254,0,251,-3,5,246
05-226-020,669,336,1,336,0,6,330
05-226-021,391,230,0,230,0,4,226
05-226-022,191,103,0,103,0,8,95
05-226-023,764,328,0,328,0,7,321
05-226-024,823,385,0,385,0,7,378
05-226-025,782,268,0,268,0,17,251
05-226-026,678,276,0,276,0,10,266
05-226-027,598,233,0,232,-1,11,221
05-226-028,709,326,0,326,0,8,318
05-226-029,199,76,0,75,-1,1,74
05-226-030,164,82,0,82,0,2,80
05-226-031,821,374,0,374,0,15,359
05-226-032,871,395,0,395,0,6,389
05-226-033,952,564,0,563,-1,3,560
05-226-034,739,369,0,369,0,3,366
05-226-035,887,404,0,403,-1,8,395
05-226-036,433,184,0,184,0,4,180
05-226-037,264,120,0,120,0,0,120
05-227-001,37,36,0,36,0,0,36
05-228-001,908,417,0,417,0,8,409
05-229-001,1101,667,0,666,-1,20,646
05-230-001,852,609,0,609,0,8,601
05-231-001,63,51,0,50,-1,3,47
05-232-001,279,217,0,217,0,6,211
05-233-001,15,12,0,12,0,0,12
05-234-001,564,333,0,333,0,5,328
05-235-001,912,448,0,447,-1,19,428
05-235-002,882,476,0,475,-1,19,456
05-236-001,181,132,0,132,0,0,132
05-237-001,149,131,0,131,0,10,121
05-238-001,719,392,0,391,-1,4,387
05-238-002,689,234,0,233,-1,14,219
05-238-003,508,283,0,283,0,9,274
05-238-004,616,359,0,359,0,4,355
05-238-005,636,228,0,227,-1,8,219
05-238-006,734,376,0,376,0,9,367
05-238-007,576,346,0,345,-1,11,334
05-238-008,302,132,0,132,0,7,125
05-239-001,469,275,0,275,0,9,266
05-240-001,498,353,0,353,0,11,342
05-241-001,628,485,0,485,0,25,460
05-242-001,210,130,0,129,-1,3,126
05-243-001,385,266,0,265,-1,10,255
05-244-001,771,510,0,508,-2,12,496
05-245-001,78,64,0,64,0,1,63
05-246-001,374,281,0,281,0,4,277
05-247-001,349,236,0,236,0,5,231
05-248-001,578,426,0,425,-1,43,382
05-248-002,595,427,0,427,0,35,392
05-249-001,640,389,0,387,-2,13,374
05-249-002,597,324,0,324,0,5,319
05-249-003,674,377,0,377,0,10,367
05-250-001,593,397,0,394,-3,8,386
05-251-001,701,354,0,354,0,8,346
05-251-002,649,290,0,289,-1,11,278
05-251-003,690,344,0,344,0,6,338
05-252-001,861,609,0,609,0,11,598
05-253-001,270,149,0,149,0,2,147
05-254-001,708,285,0,285,0,1,284
05-255-001,511,373,0,373,0,9,364
05-256-001,754,403,0,404,1,17,387
05-256-002,557,322,0,322,0,10,312
05-256-003,842,515,0,515,0,13,502
05-257-001,326,247,0,246,-1,3,243
05-258-001,1236,652,0,651,-1,19,632
05-259-001,1127,659,0,658,-1,15,643
05-259-002,1153,447,0,447,0,10,437
05-260-001,360,248,0,248,0,6,242
05-261-001,186,149,0,149,0,5,144
05-262-001,327,243,0,243,0,12,231
05-263-001,1233,760,0,759,-1,5,754
05-264-001,596,423,0,422,-1,4,418
05-265-001,1135,524,0,524,0,14,510
05-266-001,409,286,0,286,0,10,276
05-267-001,298,213,0,213,0,6,207
05-268-001,1095,554,0,554,0,12,542
05-268-002,611,290,0,290,0,1,289
05-268-003,637,302,0,302,0,1,301
05-268-004,1098,626,1,625,-1,5,620
05-268-005,1084,323,0,323,0,12,311
05-268-006,273,173,0,173,0,1,172
05-268-007,981,506,0,506,0,7,499
05-268-008,995,505,0,505,0,5,500
05-268-009,1239,559,0,559,0,9,550
05-268-010,1237,525,0,524,-1,3,521
05-269-001,900,545,0,544,-1,4,540
05-269-002,972,616,0,616,0,6,610
05-270-001,838,542,0,541,-1,8,533
05-270-002,806,452,0,452,0,9,443
05-271-001,600,349,0,349,0,5,344
05-272-001,1148,550,0,550,0,18,532
05-273-001,184,162,0,161,-1,6,155
05-274-001,763,505,0,505,0,1,504
05-274-002,230,133,0,133,0,4,129
05-274-003,632,424,0,424,0,4,420
05-274-004,592,414,0,414,0,3,411
05-274-005,584,354,0,354,0,1,353
05-274-006,473,294,0,294,0,1,293
05-274-007,732,432,0,432,0,2,430
05-274-008,563,288,0,288,0,7,281
05-274-009,586,357,0,357,0,2,355
05-274-010,688,413,0,413,0,2,411
05-274-011,639,399,0,399,0,3,396
05-274-012,633,403,0,403,0,4,399
05-274-013,421,219,0,219,0,4,215
05-274-014,573,376,0,376,0,2,374
05-274-015,642,367,0,367,0,6,361
05-274-016,234,118,0,118,0,2,116
05-274-017,112,67,0,67,0,0,67
05-275-001,803,382,0,381,-1,10,371
05-276-001,403,252,0,252,0,0,252
05-276-002,567,303,0,303,0,11,292
05-276-003,503,260,0,260,0,1,259
05-276-004,215,155,0,154,-1,2,152
05-276-005,606,370,0,370,0,8,362
05-276-006,595,253,0,253,0,4,249
05-276-007,702,346,0,346,0,2,344
05-276-008,667,269,0,269,0,6,263
05-276-009,676,358,0,358,0,5,353
05-276-010,739,414,0,413,-1,4,409
05-276-011,587,309,0,308,-1,4,304
05-276-012,730,401,0,401,0,3,398
05-276-013,664,423,0,423,0,3,420
05-276-014,621,339,0,339,0,4,335
05-276-015,709,400,0,400,0,2,398
05-276-016,657,401,0,401,0,3,398
05-276-017,598,343,0,342,-1,1,341
05-276-018,525,299,0,300,1,14,286
05-276-019,241,172,0,172,0,2,170
05-277-001,328,257,0,256,-1,6,250
05-278-001,402,264,0,264,0,18,246
05-279-001,773,628,0,628,0,22,606
05-280-001,29,23,0,23,0,0,23
05-281-001,175,134,0,134,0,2,132
05-282-001,134,115,0,115,0,5,110
05-283-001,368,264,1,263,-1,4,259
05-284-001,710,482,0,482,0,20,462
05-285-001,686,416,0,416,0,21,395
05-286-001,95,82,0,82,0,6,76
05-287-001,348,279,0,277,-2,19,258
05-288-001,187,151,0,150,-1,5,145
05-289-001,267,208,0,207,-1,6,201
05-290-001,613,431,0,426,-5,22,404
05-290-002,785,545,0,539,-6,29,510
05-290-003,693,468,0,466,-2,8,458
05-290-004,717,495,0,493,-2,17,476
05-291-001,1358,1009,0,1005,-4,27,978
05-292-001,598,326,2,326,0,6,320
05-292-002,674,369,0,367,-2,6,361
05-292-003,634,365,0,367,2,28,339
05-293-001,221,183,0,183,0,5,178
05-294-001,1229,797,0,795,-2,7,788
05-294-002,1002,661,0,662,1,18,644
05-294-003,1265,932,0,919,-13,1,918
05-294-004,1088,704,0,704,0,6,698
05-294-005,1041,623,0,623,0,6,617
05-294-006,1096,655,0,653,-2,14,639
05-294-007,449,307,0,306,-1,5,301
05-295-001,612,421,0,421,0,7,414
05-295-002,674,472,0,472,0,8,464
05-295-003,605,428,0,428,0,5,423
05-295-004,588,356,0,356,0,5,351
05-295-005,606,391,0,391,0,7,384
05-295-006,599,328,0,327,-1,5,322
05-295-007,594,336,0,334,-2,5,329
05-296-001,513,364,0,363,-1,8,355
05-297-001,160,133,0,131,-2,1,130
05-298-001,1014,642,0,642,0,17,625
05-298-002,859,578,0,578,0,4,574
05-298-003,773,447,0,447,0,4,443
05-298-004,823,488,0,488,0,7,481
05-299-001,1221,806,0,805,-1,16,789
05-300-001,485,305,0,305,0,1,304
05-301-001,101,76,0,76,0,3,73
05-302-001,109,95,0,95,0,2,93
05-303-001,777,410,0,410,0,4,406
05-304-001,822,545,0,543,-2,13,530
05-305-001,382,240,0,240,0,6,234
05-306-001,757,414,0,414,0,5,409
05-306-002,715,335,0,335,0,5,330
05-306-003,618,317,0,317,0,9,308
05-306-004,583,268,0,268,0,5,263
05-307-001,814,456,0,454,-2,20,434
05-308-001,676,461,0,461,0,11,450
05-308-002,679,449,0,449,0,9,440
05-309-001,1082,577,0,577,0,9,568
05-309-002,1075,539,0,539,0,15,524
05-310-001,916,607,0,607,0,13,594
05-311-001,814,437,0,436,-1,10,426
05-312-001,696,433,0,431,-2,10,421
05-312-002,651,456,0,455,-1,9,446
05-313-001,461,344,0,344,0,20,324
05-314-001,42,36,0,36,0,0,36
05-315-001,1034,661,0,661,0,13,648
05-316-001,251,199,0,199,0,0,199
05-317-001,349,216,0,216,0,2,214
05-318-001,312,236,0,236,0,8,228
05-319-001,765,435,0,435,0,14,421
05-319-002,788,416,0,415,-1,9,406
05-319-003,185,108,0,108,0,4,104
05-320-001,681,445,0,445,0,14,431
05-320-002,613,373,0,373,0,7,366
05-320-003,641,388,0,388,0,17,371
05-321-001,475,353,0,353,0,0,353
05-322-001,737,382,0,382,0,9,373
05-322-002,849,489,0,489,0,10,479
05-322-003,720,357,0,357,0,7,350
05-322-004,728,328,0,327,-1,14,313
05-322-005,744,364,0,361,-3,13,348
05-323-001,1163,754,0,754,0,14,740
05-324-001,318,277,0,269,-8,47,222
05-325-001,1041,495,0,495,0,15,480
05-326-001,647,361,0,360,-1,6,354
05-326-002,657,366,0,364,-2,13,351
05-326-003,199,122,0,122,0,0,122
05-326-004,700,378,0,378,0,1,377
05-326-005,713,365,0,365,0,2,363
05-326-006,690,476,0,476,0,1,475
05-326-007,766,447,0,444,-3,2,442
05-326-008,694,376,0,376,0,3,373
05-326-009,812,466,0,465,-1,2,463
05-326-010,609,329,0,329,0,2,327
05-326-011,863,505,0,505,0,3,502
05-326-012,713,393,0,393,0,2,391
05-326-013,742,405,0,405,0,0,405
05-326-014,797,427,0,427,0,2,425
05-326-015,760,428,0,427,-1,3,424
05-326-016,618,360,0,360,0,2,358
05-326-017,984,707,0,707,0,1,706
05-327-001,256,188,0,188,0,4,184
05-328-001,549,338,0,338,0,9,329
05-328-002,348,226,0,226,0,2,224
05-328-003,573,393,0,393,0,7,386
05-328-004,705,465,0,465,0,5,460
05-328-005,704,461,0,461,0,7,454
05-329-001,654,426,0,426,0,7,419
05-329-002,644,421,0,421,0,5,416
05-330-001,173,122,0,122,0,2,120
05-331-001,26,25,0,25,0,0,25
05-332-001,17,15,0,15,0,0,15
05-333-001,418,301,0,301,0,15,286
05-334-001,133,96,0,96,0,2,94
05-335-001,131,95,0,95,0,2,93
05-336-001,293,228,0,227,-1,6,221
05-337-001,149,98,0,98,0,1,97
05-338-001,247,137,0,137,0,4,133
05-339-001,623,428,0,428,0,14,414
05-340-001,487,253,0,253,0,6,247
05-341-001,970,636,0,636,0,9,627
05-342-001,887,683,0,683,0,19,664
05-343-001,50,36,0,36,0,1,35
05-344-001,713,506,0,509,3,41,468
05-345-001,129,106,0,105,-1,0,105
05-346-001,608,464,0,464,0,6,458
05-347-001,836,469,0,466,-3,18,448
05-348-001,214,141,0,141,0,5,136
05-349-001,412,240,0,240,0,12,228
05-350-001,56,48,0,48,0,0,48
05-351-001,595,434,0,433,-1,18,415
05-352-001,163,129,0,128,-1,9,119
05-353-001,320,234,0,234,0,8,226
05-354-001,472,309,0,308,-1,10,298
05-355-001,297,209,0,209,0,9,200
05-356-001,206,138,0,138,0,6,132
05-357-001,391,306,0,306,0,2,304
05-358-001,288,205,0,205,0,6,199
06-001-001,1086,748,0,748,0,6,742
06-001-002,1089,668,0,668,0,6,662
06-001-003,1097,680,0,680,0,12,668
06-001-004,1077,575,0,575,0,9,566
06-002-001,370,242,0,242,0,3,239
06-003-001,729,435,0,431,-4,10,421
06-003-002,787,461,0,460,-1,7,453
06-003-003,878,499,0,499,0,18,481
06-004-001,345,257,0,257,0,2,255
06-005-001,759,417,0,417,0,3,414
06-005-002,771,456,1,454,-2,7,447
06-005-003,728,432,0,432,0,6,426
06-005-004,466,170,0,169,-1,2,167
06-005-005,470,213,0,213,0,9,204
06-006-001,784,387,0,387,0,9,378
06-006-002,735,353,0,353,0,12,341
06-007-001,735,456,0,455,-1,7,448
06-007-002,739,578,1,577,-1,7,570
06-007-003,708,317,0,317,0,9,308
06-007-004,510,264,0,264,0,7,257
06-008-001,869,481,1,480,-1,3,477
06-008-002,894,498,0,498,0,5,493
06-008-003,884,328,0,328,0,7,321
06-009-001,349,239,0,239,0,2,237
06-010-001,731,429,0,428,-1,9,419
06-010-002,744,447,0,447,0,11,436
06-010-003,725,401,0,400,-1,10,390
06-011-001,685,362,0,362,0,5,357
06-011-002,726,414,0,414,0,9,405
06-011-003,716,347,0,347,0,8,339
06-012-001,782,599,0,599,0,16,583
06-012-002,675,447,0,447,0,7,440
06-013-001,988,564,1,563,-1,1,562
06-013-002,840,498,0,498,0,4,494
06-013-003,775,500,0,499,-1,1,498
06-013-004,917,470,0,470,0,7,463
06-013-005,781,437,0,437,0,3,434
06-013-006,877,445,0,444,-1,2,442
06-013-007,846,545,0,545,0,2,543
06-013-008,896,566,0,566,0,7,559
06-013-009,764,531,0,531,0,2,529
06-013-010,831,511,0,509,-2,6,503
06-013-011,649,405,0,405,0,4,401
06-013-012,768,508,0,508,0,4,504
06-013-013,862,568,0,568,0,3,565
06-013-014,725,472,0,472,0,7,465
06-013-015,521,231,0,231,0,3,228
06-013-016,772,429,3,426,-3,6,420
06-014-001,405,192,0,192,0,3,189
06-014-002,565,313,0,312,-1,8,304
06-014-003,140,68,1,68,0,1,67
06-015-001,922,564,0,564,0,6,558
06-015-002,759,444,0,444,0,4,440
06-015-003,752,392,0,392,0,5,387
06-015-004,734,431,0,431,0,8,423
06-016-001,898,478,0,477,-1,9,468
06-016-002,1108,568,0,567,-1,4,563
06-016-003,821,457,0,457,0,6,451
06-016-004,1161,621,0,621,0,5,616
06-017-001,424,255,0,255,0,6,249
06-017-002,156,81,0,81,0,0,81
06-018-001,353,194,0,194,0,6,188
06-019-001,531,385,0,385,0,17,368
06-019-002,526,353,0,353,0,0,353
06-019-003,506,347,0,347,0,2,345
06-020-001,508,319,0,319,0,1,318
06-020-002,406,217,0,217,0,6,211
06-021-001,539,330,0,330,0,2,328
06-022-001,746,405,0,404,-1,6,398
06-022-002,881,497,0,497,0,7,490
06-023-001,891,564,0,564,0,7,557
06-023-002,834,479,0,479,0,13,466
06-023-003,748,411,0,411,0,8,403
06-024-001,678,450,0,449,-1,4,445
06-024-002,629,386,1,385,-1,3,382
06-024-003,658,356,0,356,0,0,356
06-024-004,737,472,1,472,0,4,468
06-024-005,715,511,0,511,0,3,508
06-024-006,759,562,0,562,0,4,558
06-024-007,572,430,0,429,-1,5,424
06-024-008,564,401,0,401,0,2,399
06-024-009,584,438,0,438,0,1,437
06-024-010,685,496,0,496,0,4,492
06-024-011,754,527,0,527,0,2,525
06-024-012,616,423,0,421,-2,1,420
06-024-013,649,413,0,413,0,4,409
06-024-014,919,602,0,600,-2,3,597
06-024-015,685,425,0,425,0,8,417
06-024-016,804,475,0,475,0,7,468
06-024-017,956,667,0,667,0,4,663
06-024-018,821,591,0,590,-1,5,585
06-024-019,834,574,0,575,1,12,563
06-024-020,884,589,1,580,-9,3,577
06-024-021,775,524,0,523,-1,12,511
06-024-022,776,526,1,526,0,7,519
06-024-023,941,650,0,650,0,4,646
06-024-024,589,348,0,348,0,4,344
06-024-025,648,428,0,428,0,2,426
06-024-026,662,402,0,401,-1,0,401
06-024-027,636,418,0,418,0,3,415
06-024-028,696,447,0,447,0,6,441
06-024-029,583,353,0,353,0,3,350
06-024-030,610,412,0,412,0,3,409
06-024-031,572,341,0,341,0,4,337
06-024-032,779,515,0,515,0,6,509
06-024-033,785,494,0,494,0,4,490
06-024-034,888,594,1,593,-1,4,589
06-024-035,842,523,0,523,0,2,521
06-024-036,862,591,0,589,-2,3,586
06-024-037,814,561,0,561,0,2,559
06-024-038,833,597,0,596,-1,6,590
06-024-039,868,592,0,592,0,3,589
06-024-040,818,566,0,566,0,6,560
06-024-041,861,655,0,654,-1,8,646
06-024-042,228,149,0,149,0,2,147
06-024-043,404,251,0,248,-3,2,246
06-024-044,231,134,0,134,0,2,132
06-024-045,434,288,0,288,0,1,287
06-024-046,304,176,0,176,0,0,176
06-024-047,252,151,0,151,0,3,148
06-024-048,523,345,0,345,0,1,344
06-024-049,166,89,0,89,0,1,88
06-024-050,627,471,0,471,0,2,469
06-024-051,719,529,0,529,0,1,528
06-025-001,466,331,0,330,-1,3,327
06-026-001,991,634,0,634,0,10,624
06-026-002,921,519,0,519,0,7,512
06-026-003,1038,582,0,582,0,7,575
06-026-004,971,580,0,580,0,5,575
06-026-005,935,569,0,568,-1,10,558
06-026-006,1048,607,0,606,-1,6,600
06-027-001,785,463,0,463,0,13,450
06-027-002,785,379,0,378,-1,8,370
06-027-003,776,478,0,478,0,9,469
06-027-004,739,473,0,473,0,10,463
06-028-001,417,246,0,246,0,0,246
06-029-001,288,203,0,203,0,2,201
06-030-001,1219,728,0,728,0,17,711
06-031-001,524,282,0,281,-1,3,278
06-031-002,478,248,0,248,0,1,247
06-032-001,697,430,0,430,0,3,427
06-032-002,822,466,0,466,0,3,463
06-032-003,900,487,0,487,0,6,481
06-032-004,810,409,0,409,0,7,402
06-032-005,666,380,0,380,0,4,376
06-032-006,695,371,0,371,0,2,369
06-032-007,595,344,0,344,0,2,342
06-032-008,732,420,0,419,-1,8,411
06-032-009,893,355,0,351,-4,14,337
06-032-010,983,608,1,607,-1,2,605
06-032-011,992,443,0,443,0,32,411
06-032-012,666,420,0,420,0,4,416
06-032-013,928,572,0,572,0,8,564
06-032-014,819,495,0,495,0,8,487
06-032-015,902,539,0,539,0,11,528
06-032-016,666,409,0,409,0,1,408
06-032-017,722,433,0,433,0,4,429
06-032-018,829,444,0,444,0,0,444
06-032-019,646,394,0,394,0,1,393
06-032-020,723,419,0,419,0,2,417
06-032-021,815,521,0,521,0,0,521
06-032-022,732,419,6,417,-2,4,413
06-032-023,887,465,0,465,0,5,460
06-033-001,844,514,0,513,-1,7,506
06-033-002,866,497,0,495,-2,9,486
06-034-001,692,491,0,491,0,4,487
06-034-002,339,235,0,235,0,1,234
06-035-001,1107,652,3,649,-3,12,637
06-035-002,1115,635,0,635,0,13,622
06-035-003,1107,674,0,674,0,14,660
06-035-004,937,548,0,548,0,15,533
06-035-005,1026,559,0,559,0,14,545
06-036-001,713,429,0,429,0,9,420
06-036-002,785,452,0,451,-1,1,450
06-036-003,893,526,0,526,0,8,518
06-036-004,833,539,0,539,0,11,528
06-036-005,958,573,0,573,0,5,568
06-036-006,318,116,0,116,0,0,116
06-036-007,270,118,0,118,0,5,113
06-036-008,294,146,0,146,0,2,144
06-036-009,170,85,0,85,0,0,85
06-037-001,380,160,0,160,0,2,158
06-038-001,343,242,0,242,0,3,239
06-039-001,520,259,0,259,0,5,254
06-039-002,666,338,0,337,-1,9,328
06-039-003,480,273,0,273,0,6,267
06-039-004,382,211,0,211,0,5,206
06-039-005,123,72,0,72,0,2,70
06-040-001,316,191,0,191,0,4,187
06-041-001,364,216,0,215,-1,6,209
06-042-001,608,361,0,359,-2,9,350
06-042-002,446,259,0,259,0,5,254
06-042-003,312,153,0,153,0,1,152
06-042-004,148,75,0,75,0,0,75
06-043-001,402,278,0,278,0,3,275
06-043-002,142,73,0,73,0,1,72
06-044-001,557,364,0,364,0,10,354
06-044-002,498,345,0,345,0,2,343
06-045-001,865,455,0,455,0,4,451
06-046-001,744,528,0,527,-1,5,522
06-046-002,403,222,0,221,-1,0,221
06-047-001,1070,506,0,506,0,7,499
06-047-002,1319,700,0,700,0,2,698
06-047-003,534,195,0,195,0,4,191
06-048-001,1044,599,0,599,0,9,590
06-048-002,914,539,0,539,0,18,521
06-049-001,867,506,0,506,0,12,494
06-049-002,838,470,0,469,-1,9,460
06-049-003,677,421,0,421,0,6,415
06-049-004,721,404,0,404,0,11,393
06-049-005,812,500,0,500,0,2,498
06-049-006,838,554,0,554,0,9,545
06-049-007,775,475,0,475,0,4,471
06-049-008,708,429,0,429,0,10,419
06-049-009,518,219,0,219,0,1,218
06-050-001,998,457,0,457,0,3,454
06-050-002,1046,502,0,502,0,5,497
06-050-003,1060,507,0,507,0,5,502
06-050-004,1061,464,0,467,3,32,435
06-051-001,1237,607,0,606,-1,12,594
06-051-002,1145,618,0,618,0,5,613
06-051-003,1279,705,0,705,0,4,701
06-051-004,1131,633,0,633,0,9,624
06-051-005,990,600,0,600,0,4,596
06-051-006,1149,755,0,755,0,7,748
06-051-007,1314,818,0,817,-1,3,814
06-051-008,1215,620,1,619,-1,1,618
06-051-009,1242,629,0,630,1,16,614
06-051-010,941,516,0,516,0,6,510
06-051-011,1385,887,0,888,1,13,875
06-051-012,1161,690,0,690,0,1,689
06-051-013,1206,709,0,709,0,8,701
06-051-014,1383,712,0,710,-2,7,703
06-051-015,1058,575,0,568,-7,3,565
06-051-016,1272,750,0,750,0,5,745
06-051-017,1225,676,0,676,0,4,672
06-051-018,1266,837,1,837,0,3,834
06-051-019,1039,635,0,635,0,6,629
06-051-101,1208,775,0,774,-1,2,772
06-051-102,815,434,3,434,0,3,431
06-051-103,799,501,0,501,0,3,498
06-051-104,955,466,0,466,0,3,463
06-051-105,997,560,0,559,-1,2,557
06-051-106,1083,721,0,723,2,28,695
06-051-107,1273,838,0,838,0,2,836
06-051-108,1314,677,0,676,-1,4,672
06-051-109,1267,719,0,716,-3,5,711
06-051-110,952,518,0,518,0,3,515
06-051-111,1282,778,0,778,0,0,778
06-051-112,1204,676,1,675,-1,1,674
06-051-113,1145,568,0,570,2,26,544
06-051-114,1264,703,0,703,0,7,696
06-051-115,1197,663,0,663,0,6,657
06-051-116,1244,722,0,719,-3,3,716
06-051-117,1211,675,0,675,0,5,670
06-051-118,1324,844,0,843,-1,6,837
06-051-119,1161,777,0,777,0,3,774
06-051-201,1223,645,0,646,1,19,627
06-051-202,914,508,0,508,0,4,504
06-051-203,806,522,0,521,-1,1,520
06-051-204,980,471,0,471,0,2,469
06-051-205,1017,554,0,554,0,6,548
06-051-206,1052,705,0,705,0,1,704
06-051-207,1246,742,0,742,0,4,738
06-051-208,1284,680,0,679,-1,6,673
06-051-209,1322,725,0,724,-1,5,719
06-051-210,1126,643,0,647,4,44,603
06-051-211,1323,755,0,755,0,1,754
06-051-212,977,530,0,531,1,16,515
06-051-213,1142,658,0,657,-1,2,655
06-051-214,1225,616,0,616,0,13,603
06-051-215,1040,576,0,576,0,2,574
06-051-216,1250,759,0,759,0,11,748
06-051-217,1145,642,0,641,-1,5,636
06-051-218,1281,814,0,814,0,3,811
06-051-219,1253,865,1,868,3,31,837
06-051-301,980,477,0,477,0,4,473
06-051-302,1159,650,0,646,-4,9,637
06-051-303,883,581,0,581,0,3,578
06-051-304,978,524,0,524,0,5,519
06-051-305,1321,840,0,839,-1,7,832
06-051-306,1058,653,0,650,-3,4,646
06-051-307,1286,843,0,843,0,5,838
06-051-308,1265,640,0,640,0,4,636
06-051-309,1330,694,0,694,0,1,693
06-051-310,967,501,0,499,-2,3,496
06-051-311,1333,821,0,819,-2,7,812
06-051-312,1048,535,0,535,0,4,531
06-051-313,1062,605,0,604,-1,4,600
06-051-314,1375,703,0,702,-1,5,697
06-051-315,1152,615,0,615,0,4,611
06-051-316,1296,659,0,660,1,16,644
06-051-317,850,534,0,534,0,2,532
06-051-318,1284,837,0,836,-1,1,835
06-051-319,1138,680,0,680,0,4,676
06-051-401,675,409,0,409,0,3,406
06-051-402,985,586,1,585,-1,3,582
06-051-403,860,569,0,569,0,4,565
06-051-404,1182,662,0,662,0,3,659
06-051-405,1170,653,0,653,0,1,652
06-051-406,995,552,0,552,0,4,548
06-051-407,1291,678,0,677,-1,2,675
06-051-408,1323,694,0,694,0,8,686
06-051-409,1286,770,0,770,0,5,765
06-051-410,1204,402,0,400,-2,5,395
06-051-411,1168,770,0,770,0,7,763
06-051-412,914,464,0,464,0,0,464
06-051-413,1133,736,0,736,0,3,733
06-051-414,1282,600,0,600,0,7,593
06-051-415,1101,673,0,672,-1,2,670
06-051-416,1240,634,0,632,-2,6,626
06-051-417,1056,630,0,628,-2,4,624
06-051-418,1327,904,0,904,0,4,900
06-051-419,1005,665,0,664,-1,4,660
06-051-501,1127,560,0,559,-1,4,555
06-051-502,1033,625,0,624,-1,8,616
06-051-503,1067,631,0,630,-1,5,625
06-051-504,772,362,0,361,-1,9,352
06-051-505,1161,593,0,593,0,5,588
06-051-506,867,493,0,493,0,2,491
06-051-510,912,503,0,492,-11,3,489
06-051-512,1070,565,0,564,-1,7,557
06-051-513,1114,660,0,660,0,1,659
06-051-515,916,511,0,510,-1,6,504
06-051-517,1189,717,0,717,0,5,712
06-051-519,1088,636,0,636,0,4,632
06-051-601,587,361,0,362,1,13,349
06-051-602,780,504,0,504,0,3,501
06-051-603,1003,697,0,697,0,5,692
06-051-604,741,431,0,431,0,6,425
06-051-610,509,420,0,420,0,0,420
06-052-001,611,394,0,394,0,10,384
06-052-002,612,413,0,413,0,5,408
06-052-003,634,404,0,403,-1,4,399
06-052-004,786,508,0,508,0,6,502
06-052-005,781,456,0,456,0,7,449
06-053-001,685,486,0,487,1,13,474
06-053-002,544,349,0,349,0,4,345
06-053-003,632,379,0,379,0,7,372
06-053-004,48,14,0,14,0,0,14
06-053-005,188,105,0,105,0,0,105
06-053-006,1011,584,0,584,0,3,581
06-053-007,919,510,0,510,0,8,502
06-053-008,572,331,0,331,0,1,330
06-053-009,568,317,0,317,0,1,316
06-053-010,796,419,0,419,0,5,414
06-053-011,104,55,0,55,0,0,55
06-053-012,134,50,0,50,0,2,48
06-053-013,94,67,0,67,0,0,67
06-053-014,864,595,0,595,0,4,591
06-053-015,935,589,0,589,0,18,571
06-053-016,698,440,1,439,-1,1,438
06-053-017,760,417,0,417,0,5,412
06-053-018,585,363,0,363,0,2,361
06-053-019,617,371,0,371,0,4,367
06-053-020,596,374,0,374,0,6,368
06-053-021,852,532,0,532,0,4,528
06-053-022,718,456,0,456,0,6,450
06-053-023,662,402,0,391,-11,5,386
06-053-024,606,378,0,378,0,4,374
06-053-025,850,552,0,548,-4,2,546
06-053-026,722,439,1,437,-2,3,434
06-053-027,660,388,0,388,0,3,385
06-053-028,689,413,0,413,0,3,410
06-053-029,783,472,0,471,-1,9,462
06-053-030,616,407,0,405,-2,4,401
06-053-031,213,111,0,111,0,2,109
06-053-032,837,473,0,473,0,2,471
06-053-033,908,478,0,477,-1,16,461
06-053-034,76,31,0,31,0,1,30
06-053-035,154,91,0,91,0,1,90
06-054-001,819,483,0,482,-1,11,471
06-054-002,856,539,0,540,1,26,514
06-055-001,714,449,0,448,-1,0,448
06-055-002,784,440,1,439,-1,7,432
06-056-001,687,365,0,365,0,7,358
06-056-002,632,279,0,278,-1,4,274
06-057-001,844,612,0,612,0,13,599
06-057-002,793,554,0,553,-1,13,540
06-058-001,822,334,0,334,0,4,330
06-058-002,901,412,0,412,0,8,404
06-058-003,853,419,0,419,0,9,410
06-059-001,1125,651,1,647,-4,12,635
06-059-002,1110,673,0,673,0,9,664
06-060-001,904,509,0,509,0,9,500
06-060-002,917,535,0,535,0,2,533
06-060-003,1049,720,0,718,-2,6,712
07-001-001,1093,657,0,657,0,18,639
07-001-002,1014,629,0,629,0,9,620
07-001-003,202,152,0,152,0,2,150
07-001-004,184,115,0,115,0,4,111
07-001-005,1159,834,0,834,0,17,817
07-002-001,1045,461,0,461,0,6,455
07-002-002,1235,502,0,502,0,5,497
07-002-003,1046,506,0,507,1,16,491
07-003-001,785,469,0,469,0,4,465
07-003-002,658,359,0,359,0,6,353
07-004-001,478,286,0,286,0,7,279
07-004-002,711,386,0,386,0,5,381
07-005-001,455,256,0,256,0,3,253
07-006-001,788,401,0,401,0,6,395
07-006-002,867,472,0,472,0,9,463
07-006-003,848,460,0,460,0,7,453
07-007-001,135,100,0,100,0,1,99
07-008-001,384,199,0,199,0,3,196
07-008-002,352,215,0,215,0,0,215
07-009-001,710,389,0,389,0,4,385
07-009-002,665,381,1,381,0,14,367
07-009-003,799,493,1,492,-1,11,481
07-009-004,757,414,0,414,0,5,409
07-010-001,1208,629,0,629,0,11,618
07-010-002,1002,533,0,533,0,10,523
07-010-003,107,63,0,63,0,0,63
07-011-001,874,605,0,605,0,13,592
07-012-001,728,374,1,372,-2,3,369
07-012-002,775,439,0,439,0,10,429
07-013-001,1123,724,0,724,0,2,722
07-013-002,1188,604,0,602,-2,10,592
07-013-003,1092,618,0,618,0,2,616
07-013-004,1254,699,0,708,9,74,634
07-013-005,976,632,0,633,1,18,615
07-013-006,1116,726,0,726,0,4,722
07-013-007,1137,700,0,700,0,3,697
07-013-008,1197,618,0,618,0,5,613
07-014-001,751,485,0,485,0,5,480
07-014-002,732,507,0,507,0,8,499
07-014-003,709,494,0,494,0,8,486
07-014-004,952,609,0,607,-2,10,597
07-015-001,207,143,0,143,0,3,140
07-016-001,740,445,0,445,0,7,438
07-016-002,639,325,0,325,0,7,318
07-016-003,666,373,0,373,0,7,366
07-017-001,874,616,0,616,0,19,597
07-017-002,179,124,0,124,0,1,123
07-018-001,928,655,0,659,4,44,615
07-019-001,925,499,0,498,-1,8,490
07-019-002,723,417,0,417,0,5,412
07-019-003,917,522,0,522,0,6,516
07-019-004,968,475,0,475,0,6,469
07-019-005,824,389,0,386,-3,2,384
07-020-001,1302,903,0,900,-3,7,893
07-021-001,842,603,1,602,-1,6,596
07-021-002,716,483,0,482,-1,3,479
07-022-001,810,547,0,547,0,10,537
07-023-001,801,401,0,401,0,10,391
07-023-002,858,437,0,437,0,10,427
07-024-001,1160,659,0,662,3,39,623
07-024-002,1303,763,0,763,0,7,756
07-024-003,1250,738,2,737,-1,5,732
07-024-004,978,582,0,582,0,11,571
07-024-005,851,300,0,299,-1,0,299
07-024-006,901,525,0,525,0,1,524
07-024-007,1046,623,0,624,1,16,608
07-024-008,1039,588,0,588,0,5,583
07-024-009,1056,564,0,563,-1,7,556
07-024-010,1387,781,0,781,0,7,774
07-024-011,1277,737,0,738,1,19,719
07-024-012,1107,640,1,639,-1,9,630
07-024-013,1212,644,0,634,-10,9,625
07-024-014,1097,594,0,594,0,6,588
07-024-015,1265,667,0,663,-4,9,654
07-024-016,1237,653,0,653,0,12,641
07-024-017,978,533,0,532,-1,3,529
07-024-018,1325,752,0,751,-1,8,743
07-024-019,1267,698,0,697,-1,3,694
07-024-020,1003,608,0,608,0,5,603
07-024-021,1122,610,0,611,1,15,596
07-024-022,999,554,0,554,0,3,551
07-024-023,1129,585,1,585,0,9,576
07-024-024,832,478,0,478,0,5,473
07-024-025,1228,685,0,683,-2,6,677
07-024-026,1048,589,0,589,0,7,582
07-024-027,1117,801,0,799,-2,7,792
07-024-028,1017,732,0,732,0,3,729
07-024-029,1337,853,0,849,-4,5,844
07-024-030,1451,918,0,918,0,4,914
07-024-031,364,190,0,190,0,0,190
07-025-001,788,411,0,411,0,8,403
07-025-002,457,287,0,287,0,8,279
07-025-003,560,360,0,360,0,2,358
07-026-001,805,317,0,315,-2,4,311
07-026-002,806,382,0,382,0,6,376
07-026-003,870,384,0,384,0,6,378
07-026-004,957,452,0,452,0,7,445
07-026-005,829,309,0,309,0,5,304
07-026-006,573,230,0,230,0,3,227
07-026-007,276,106,0,105,-1,1,104
07-026-008,132,54,0,54,0,1,53
07-027-001,1054,538,0,530,-8,3,527
07-027-002,990,561,0,561,0,7,554
07-027-003,1100,656,0,655,-1,25,630
07-027-004,789,403,0,403,0,16,387
07-027-005,923,461,0,461,0,4,457
07-027-006,1117,414,0,413,-1,11,402
07-027-007,227,129,0,128,-1,2,126
07-027-008,287,130,0,130,0,1,129
07-028-001,1121,711,0,711,0,11,700
07-028-002,1223,762,0,760,-2,10,750
07-028-003,1136,698,0,700,2,28,672
07-028-004,113,57,0,57,0,0,57
07-029-001,1000,569,0,570,1,18,552
07-029-002,730,386,0,386,0,5,381
07-030-001,702,425,1,424,-1,1,423
07-030-002,780,519,0,519,0,7,512
07-031-001,732,485,0,485,0,7,478
07-032-001,499,310,0,310,0,3,307
07-033-001,1505,958,0,958,0,10,948
07-033-002,1110,669,0,669,0,5,664
07-033-003,1399,926,0,925,-1,7,918
07-033-004,1286,841,0,840,-1,5,835
07-033-005,1036,629,1,628,-1,2,626
07-033-006,1404,941,0,937,-4,5,932
07-033-007,1420,888,0,887,-1,4,883
07-033-008,941,570,0,570,0,5,565
07-034-001,1073,666,0,665,-1,7,658
07-035-001,725,331,0,332,1,19,313
07-036-001,311,206,0,205,-1,4,201
07-036-002,195,109,0,109,0,0,109
07-036-003,231,163,0,162,-1,5,157
07-037-001,1010,604,0,603,-1,8,595
07-037-002,815,434,0,434,0,5,429
07-038-001,674,470,0,470,0,11,459
07-038-002,78,56,0,55,-1,0,55
07-039-001,1173,629,0,629,0,9,620
07-039-002,1062,619,0,619,0,5,614
07-040-001,1075,605,0,603,-2,15,588
07-041-001,995,603,0,603,0,6,597
07-042-001,996,579,0,578,-1,7,571
07-042-002,895,489,0,489,0,16,473
07-043-001,969,657,0,655,-2,7,648
07-043-002,1021,599,0,599,0,6,593
07-043-003,348,212,0,212,0,8,204
07-043-004,934,578,0,578,0,10,568
07-044-001,534,340,0,340,0,6,334
07-044-002,681,423,0,423,0,2,421
07-045-001,611,382,0,381,-1,2,379
07-045-002,619,336,0,336,0,6,330
07-046-001,893,463,1,462,-1,13,449
07-046-002,1032,594,0,594,0,9,585
07-047-001,604,372,0,372,0,3,369
07-047-002,711,435,0,435,0,4,431
07-048-001,998,499,0,499,0,6,493
07-048-002,961,621,0,621,0,6,615
07-048-003,962,511,1,510,-1,6,504
07-049-001,338,119,0,119,0,1,118
07-049-002,33,15,0,15,0,0,15
07-049-003,669,384,0,384,0,9,375
07-049-004,658,352,0,346,-6,6,340
07-050-001,865,422,0,421,-1,1,420
07-050-002,882,420,0,420,0,1,419
07-050-003,741,365,0,365,0,0,365
07-051-001,755,447,0,447,0,4,443
07-051-002,696,400,0,397,-3,6,391
07-051-003,811,422,0,422,0,7,415
07-052-001,1322,967,0,967,0,10,957
07-053-001,1088,595,0,595,0,7,588
07-053-002,1147,703,0,703,0,8,695
07-053-003,1114,685,0,685,0,6,679
07-053-004,1153,729,0,728,-1,10,718
07-054-001,1070,630,0,619,-11,11,608
07-054-002,873,429,0,429,0,7,422
07-055-001,622,401,0,400,-1,9,391
07-056-001,990,490,0,489,-1,10,479
07-056-002,917,394,0,394,0,5,389
07-056-003,899,449,0,449,0,10,439
07-056-004,870,268,0,268,0,3,265
07-057-001,725,418,0,418,0,4,414
07-058-001,443,208,0,208,0,3,205
07-058-002,557,225,0,225,0,7,218
07-059-001,707,319,0,319,0,7,312
07-059-002,938,506,0,506,0,13,493
07-060-001,450,302,0,302,0,2,300
07-061-001,655,372,0,371,-1,3,368
07-061-002,832,489,0,486,-3,9,477
07-061-003,730,451,0,450,-1,6,444
07-061-004,777,577,0,577,0,3,574
07-061-005,652,433,0,433,0,4,429
07-061-006,638,464,0,464,0,3,461
07-061-007,853,548,0,548,0,1,547
07-061-008,463,281,0,281,0,7,274
07-061-009,812,563,0,563,0,2,561
07-061-010,567,422,0,422,0,2,420
07-061-011,1076,717,0,717,0,4,713
07-061-012,1203,845,0,844,-1,4,840
07-061-013,657,495,1,494,-1,4,490
07-061-014,685,521,0,520,-1,4,516
07-061-015,174,99,0,99,0,2,97
07-062-001,582,447,0,443,-4,6,437
07-063-001,472,293,0,293,0,7,286
07-063-002,495,307,0,307,0,5,302
07-063-003,113,57,0,57,0,2,55
07-064-001,823,363,0,363,0,6,357
07-065-001,522,367,0,367,0,4,363
07-066-001,806,431,0,431,0,8,423
07-066-002,890,586,0,586,0,6,580
07-066-003,783,512,0,512,0,4,508
07-066-004,767,459,0,459,0,4,455
07-066-005,109,56,0,56,0,1,55
07-067-001,434,246,0,246,0,4,242
07-067-002,524,350,0,350,0,6,344
07-067-003,471,306,0,306,0,11,295
07-068-001,458,232,0,232,0,3,229
07-068-002,292,138,0,138,0,1,137
07-069-001,1118,689,0,685,-4,5,680
07-069-002,972,597,0,599,2,25,574
07-069-003,877,529,0,529,0,4,525
07-070-001,766,540,0,539,-1,7,532
07-070-002,732,475,1,475,0,8,467
07-071-001,951,647,0,645,-2,13,632
07-071-002,886,567,0,566,-1,8,558
07-072-001,748,330,0,329,-1,2,327
07-072-002,841,404,0,404,0,14,390
07-072-003,777,319,0,318,-1,1,317
07-072-004,782,307,0,307,0,5,302
07-073-001,350,126,0,126,0,8,118
07-073-002,938,430,0,430,0,9,421
07-073-003,1038,559,0,558,-1,4,554
07-073-004,932,448,0,448,0,14,434
07-073-005,803,344,0,344,0,3,341
07-073-006,1061,524,0,525,1,15,510
07-073-007,168,57,0,57,0,1,56
07-074-001,973,600,0,599,-1,10,589
07-074-002,741,447,0,447,0,2,445
07-074-003,962,586,1,585,-1,4,581
07-074-004,985,593,0,591,-2,12,579
07-074-005,1114,703,0,703,0,11,692
07-075-001,962,577,0,577,0,8,569
07-075-002,984,664,0,661,-3,6,655
07-076-001,937,574,2,571,-3,5,566
07-076-002,1080,568,0,567,-1,8,559
07-076-003,932,592,0,592,0,9,583
07-076-004,1017,661,0,661,0,5,656
07-077-001,923,515,0,515,0,8,507
07-077-002,950,498,0,497,-1,6,491
07-077-003,1013,527,0,527,0,6,521
07-078-001,703,296,0,296,0,0,296
07-078-002,630,290,0,290,0,1,289
07-078-003,475,243,0,243,0,1,242
07-078-004,634,296,0,296,0,1,295
07-078-005,587,311,0,310,-1,3,307
07-078-006,479,250,0,250,0,2,248
07-078-007,556,301,0,301,0,2,299
07-078-008,576,275,0,275,0,1,274
07-078-009,708,355,0,355,0,6,349
07-078-010,630,338,0,339,1,11,328
07-078-011,639,332,5,330,-2,3,327
07-078-012,698,355,0,354,-1,4,350
07-078-013,468,241,0,241,0,3,238
07-078-014,596,288,0,288,0,1,287
07-078-015,215,122,0,122,0,1,121
07-078-016,169,69,0,69,0,1,68
07-078-017,516,263,0,262,-1,2,260
07-078-018,181,107,0,107,0,3,104
07-078-019,61,20,0,20,0,1,19
07-079-001,577,306,1,306,0,4,302
07-080-001,1268,890,0,889,-1,11,878
07-081-001,880,450,0,449,-1,13,436
07-081-002,906,430,0,428,-2,16,412
07-082-001,486,299,0,298,-1,2,296
07-083-001,1062,468,0,468,0,9,459
07-083-002,795,410,0,410,0,9,401
07-083-003,685,308,0,307,-1,5,302
07-084-001,955,672,0,667,-5,8,659
07-084-002,149,98,0,98,0,1,97
07-085-001,879,539,0,538,-1,6,532
07-085-002,907,597,0,597,0,6,591
07-085-003,730,376,1,376,0,6,370
07-086-001,1032,624,0,624,0,10,614
07-086-002,1043,570,0,570,0,5,565
07-086-003,796,420,0,420,0,6,414
07-086-004,705,336,0,336,0,2,334
07-087-001,748,439,0,438,-1,8,430
07-087-002,724,493,0,493,0,6,487
07-088-001,432,303,0,304,1,12,292
07-089-001,1616,1201,0,1201,0,13,1188
07-090-001,915,509,0,509,0,4,505
07-090-002,939,584,0,584,0,6,578
07-090-003,1094,577,0,577,0,5,572
07-090-004,972,552,0,552,0,4,548
07-091-001,1229,737,0,737,0,8,729
07-091-002,444,246,0,246,0,8,238
07-092-001,628,336,0,336,0,13,323
07-093-001,633,464,0,464,0,18,446
07-093-002,749,555,0,553,-2,10,543
07-094-001,701,432,0,432,0,3,429
07-094-002,833,478,0,478,0,1,477
07-094-003,532,280,0,280,0,3,277
07-094-004,506,310,0,310,0,0,310
07-094-005,618,355,0,354,-1,4,350
07-094-006,448,270,0,269,-1,0,269
07-094-007,861,532,0,532,0,2,530
07-094-008,741,489,1,488,-1,3,485
07-094-009,802,453,0,452,-1,6,446
07-094-010,736,414,0,414,0,2,412
07-094-011,681,391,1,390,-1,2,388
07-094-012,760,438,0,438,0,1,437
07-094-013,841,474,0,474,0,6,468
07-094-014,682,393,0,392,-1,0,392
07-094-015,613,387,0,387,0,3,384
07-094-016,626,373,0,373,0,1,372
07-094-017,687,359,0,359,0,4,355
07-094-018,777,442,0,442,0,2,440
07-094-019,729,416,0,416,0,3,413
07-094-020,732,364,0,364,0,5,359
07-094-021,892,565,2,564,-1,6,558
07-094-022,762,441,1,439,-2,1,438
07-094-023,894,514,0,514,0,6,508
07-094-024,560,344,0,344,0,1,343
07-094-025,501,295,0,295,0,4,291
07-094-026,643,351,0,352,1,17,335
07-094-027,757,487,0,486,-1,3,483
07-094-028,1294,523,0,522,-1,4,518
07-094-029,801,437,0,438,1,13,425
07-094-030,938,487,0,487,0,2,485
07-094-031,751,430,0,430,0,1,429
07-094-032,851,486,0,485,-1,3,482
07-094-033,583,344,0,344,0,3,341
07-094-034,1084,656,0,656,0,1,655
07-094-035,834,484,0,484,0,2,482
07-094-036,770,461,0,462,1,10,452
07-094-037,752,443,0,443,0,5,438
07-094-038,851,488,0,487,-1,3,484
07-094-039,835,538,0,538,0,6,532
07-094-040,989,597,0,597,0,4,593
07-094-041,1001,616,0,615,-1,3,612
07-094-042,870,478,0,478,0,3,475
07-094-043,982,643,0,643,0,10,633
07-094-044,896,482,0,484,2,22,462
07-094-045,617,359,0,359,0,0,359
07-094-046,859,531,0,531,0,4,527
07-094-047,753,467,0,466,-1,1,465
07-094-048,1207,812,0,812,0,2,810
07-094-049,1292,852,0,852,0,8,844
07-094-050,717,428,6,422,-6,4,418
07-094-051,1146,704,0,705,1,14,691
07-094-052,613,394,0,394,0,0,394
07-094-053,816,548,0,543,-5,2,541
07-094-054,1026,677,0,677,0,5,672
07-094-055,710,434,0,434,0,4,430
07-094-056,464,275,0,273,-2,2,271
07-094-057,576,370,0,370,0,1,369
07-094-058,928,624,0,621,-3,5,616
07-094-059,589,382,0,383,1,13,370
07-094-060,556,389,0,389,0,2,387
07-094-061,589,429,0,429,0,2,427
07-094-062,684,423,2,422,-1,3,419
07-094-063,775,506,0,506,0,3,503
07-094-064,947,686,0,686,0,1,685
07-094-065,676,476,0,476,0,1,475
07-094-066,1124,800,0,798,-2,3,795
07-094-067,1131,783,0,782,-1,3,779
07-094-068,852,598,0,598,0,9,589
07-094-069,784,562,0,562,0,3,559
07-094-070,950,673,0,672,-1,7,665
07-094-071,778,570,0,570,0,6,564
07-094-072,919,669,1,669,0,9,660
07-094-073,1253,874,0,871,-3,4,867
07-094-074,653,446,0,446,0,1,445
07-094-075,405,267,0,267,0,1,266
07-094-076,1030,569,0,569,0,7,562
07-094-077,960,668,0,667,-1,3,664
07-094-078,1034,628,0,627,-1,4,623
07-094-079,824,556,0,556,0,7,549
07-094-080,1304,862,2,861,-1,7,854
07-094-081,783,479,0,480,1,11,469
07-094-082,531,339,0,339,0,4,335
07-094-083,848,588,0,588,0,4,584
07-094-084,625,381,0,381,0,2,379
07-094-085,921,604,0,603,-1,2,601
07-094-086,1083,614,0,614,0,2,612
07-094-087,818,554,1,553,-1,4,549
07-094-088,804,502,0,500,-2,3,497
07-094-089,1224,688,0,686,-2,7,679
07-094-090,1044,588,0,588,0,1,587
07-094-091,447,192,0,192,0,1,191
07-094-092,198,114,0,114,0,2,112
07-094-093,1097,701,1,701,0,2,699
07-095-001,757,478,0,477,-1,5,472
07-096-001,684,381,0,380,-1,1,379
07-096-002,678,377,1,376,-1,4,372
07-097-001,770,529,0,530,1,15,515
07-097-002,844,612,0,611,-1,10,601
07-098-001,398,274,1,274,0,2,272
07-099-001,1016,639,0,639,0,8,631
07-099-002,1070,651,0,651,0,8,643
07-100-001,636,419,0,417,-2,12,405
07-101-001,738,411,0,411,0,8,403
07-101-002,743,396,0,396,0,6,390
07-101-003,633,404,0,404,0,6,398
07-102-001,896,643,0,643,0,4,639
07-102-002,758,515,0,515,0,6,509
07-102-003,683,479,0,479,0,3,476
07-102-004,739,505,0,504,-1,1,503
07-102-005,886,596,0,597,1,13,584
07-102-006,929,587,0,587,0,6,581
07-102-007,899,622,0,621,-1,4,617
07-103-001,653,426,0,426,0,6,420
07-104-001,723,445,0,445,0,2,443
07-104-002,712,461,0,461,0,8,453
07-105-001,736,564,0,564,0,3,561
07-106-001,910,472,1,472,0,5,467
07-106-002,962,521,1,520,-1,2,518
07-107-001,713,427,0,427,0,6,421
07-108-001,589,271,0,270,-1,8,262
07-108-002,421,160,0,159,-1,3,156
08-001-001,589,391,1,391,0,3,388
08-001-002,709,455,0,455,0,7,448
08-001-003,791,514,0,513,-1,4,509
08-001-004,544,371,1,370,-1,5,365
08-002-001,397,292,0,292,0,3,289
08-003-001,781,488,0,488,0,8,480
08-004-001,885,571,0,568,-3,4,564
08-004-002,921,641,0,641,0,6,635
08-005-001,222,151,0,151,0,2,149
08-006-001,911,547,0,547,0,4,543
08-006-002,807,441,0,440,-1,10,430
08-007-001,891,625,0,625,0,11,614
08-008-001,140,111,0,111,0,0,111
08-009-001,234,189,0,189,0,2,187
08-010-001,800,465,0,465,0,7,458
08-010-002,611,367,0,367,0,3,364
08-011-001,614,422,0,421,-1,5,416
08-012-001,568,406,0,406,0,4,402
08-012-002,503,320,0,320,0,4,316
08-013-001,918,616,0,613,-3,10,603
08-013-002,911,630,0,630,0,14,616
08-013-003,225,155,0,155,0,0,155
08-014-001,379,294,0,294,0,5,289
08-014-002,376,295,0,294,-1,2,292
08-014-003,127,89,0,89,0,4,85
08-015-001,411,306,0,305,-1,4,301
08-016-001,278,188,0,188,0,2,186
08-017-001,502,290,0,290,0,3,287
08-018-001,1112,650,0,650,0,7,643
08-019-001,795,467,0,467,0,4,463
08-019-002,788,453,0,453,0,10,443
08-019-003,218,136,0,136,0,1,135
08-020-001,886,593,0,593,0,14,579
08-020-002,850,603,0,603,0,7,596
08-021-001,40,32,0,32,0,0,32
08-022-001,422,287,0,286,-1,8,278
08-023-001,448,333,0,333,0,3,330
08-024-001,177,142,0,142,0,6,136
08-025-001,27,25,0,25,0,0,25
08-026-001,399,278,0,276,-2,5,271
08-027-001,1014,646,0,646,0,9,637
08-027-002,1052,717,0,712,-5,6,706
08-027-003,993,590,0,587,-3,7,580
08-027-004,925,605,0,604,-1,4,600
08-027-005,941,623,0,623,0,8,615
08-027-006,922,611,0,613,2,24,589
08-027-007,934,575,0,575,0,4,571
08-027-008,1029,594,0,594,0,4,590
08-028-001,635,389,0,389,0,5,384
08-028-002,662,387,0,388,1,22,366
08-029-001,328,172,0,172,0,0,172
08-030-001,482,297,0,297,0,5,292
08-031-001,652,403,0,403,0,7,396
08-031-002,721,482,0,480,-2,16,464
08-032-001,203,169,0,169,0,0,169
08-033-001,956,646,0,646,0,10,636
08-033-002,873,575,0,575,0,12,563
08-034-001,589,367,1,366,-1,8,358
08-035-001,235,150,0,149,-1,1,148
08-035-002,452,345,0,343,-2,8,335
08-035-003,579,423,0,423,0,4,419
08-036-001,130,82,0,82,0,4,78
08-037-001,96,75,0,75,0,2,73
08-038-001,422,287,0,287,0,4,283
08-039-001,724,521,0,521,0,8,513
08-040-001,1439,1004,0,1000,-4,15,985
08-041-001,873,526,0,526,0,9,517
08-041-002,859,529,0,529,0,8,521
08-042-001,768,543,0,543,0,4,539
08-042-002,793,532,0,534,2,25,509
08-043-001,384,305,0,305,0,5,300
08-044-001,438,311,0,311,0,3,308
08-045-001,774,514,0,514,0,8,506
08-046-001,71,42,0,42,0,1,41
08-047-001,250,193,0,193,0,2,191
08-048-001,1104,650,0,650,0,12,638
08-048-002,639,425,0,425,0,9,416
08-048-003,814,428,0,428,0,4,424
08-048-004,102,47,0,47,0,3,44
08-049-001,512,335,0,335,0,7,328
08-050-001,704,466,0,465,-1,3,462
08-051-001,1068,669,0,669,0,10,659
08-051-002,833,544,0,544,0,8,536
08-052-001,888,603,0,603,0,6,597
08-052-002,784,508,0,508,0,6,502
08-052-003,829,594,0,594,0,9,585
08-052-004,643,442,0,443,1,14,429
08-053-001,1084,694,0,694,0,3,691
08-054-001,867,528,0,529,1,20,509
08-054-002,885,518,0,518,0,5,513
08-054-003,857,530,0,530,0,9,521
08-055-001,64,62,0,62,0,1,61
08-056-001,1095,682,0,682,0,6,676
08-057-001,302,166,0,166,0,3,163
08-058-001,972,619,0,619,0,12,607
08-059-001,1048,727,0,727,0,3,724
08-059-002,1112,621,0,615,-6,6,609
08-059-003,1027,688,0,688,0,6,682
08-059-004,986,567,0,567,0,8,559
08-059-005,953,533,0,535,2,24,511
08-059-006,1273,870,1,869,-1,3,866
08-059-007,855,538,0,544,6,55,489
08-059-008,769,305,0,305,0,1,304
08-059-009,797,486,0,485,-1,3,482
08-059-010,829,484,0,484,0,3,481
08-059-011,1120,665,1,663,-2,6,657
08-059-012,915,408,0,407,-1,4,403
08-059-013,925,633,0,633,0,7,626
08-059-014,968,587,0,587,0,3,584
08-059-015,918,642,0,640,-2,7,633
08-059-016,903,594,0,594,0,4,590
08-059-017,975,620,0,620,0,1,619
08-059-018,971,690,0,690,0,3,687
08-059-019,1017,682,0,681,-1,8,673
08-059-020,909,622,0,622,0,3,619
08-059-021,1036,660,0,659,-1,6,653
08-059-022,1136,771,0,771,0,3,768
08-059-023,1269,864,0,864,0,5,859
08-059-024,1214,794,0,794,0,4,790
08-059-025,1002,705,0,705,0,0,705
08-059-026,1229,847,0,847,0,5,842
08-059-027,1119,724,1,722,-2,3,719
08-059-028,1173,766,0,767,1,16,751
08-059-029,1160,789,0,788,-1,4,784
08-059-030,1065,699,0,698,-1,3,695
08-059-031,804,508,0,508,0,5,503
08-059-032,935,539,0,538,-1,2,536
08-059-033,940,554,0,554,0,4,550
08-059-034,901,492,0,492,0,2,490
08-059-035,946,535,0,535,0,8,527
08-059-036,1004,536,0,535,-1,4,531
08-059-037,1061,546,0,545,-1,5,540
08-059-038,938,552,0,552,0,4,548
08-059-039,770,356,0,356,0,2,354
08-059-040,997,568,0,567,-1,4,563
08-059-041,988,547,0,547,0,6,541
08-059-042,1007,580,0,580,0,6,574
08-059-043,921,466,0,466,0,2,464
08-059-044,929,452,1,451,-1,1,450
08-059-045,979,546,0,546,0,7,539
08-059-046,930,509,0,510,1,17,493
08-059-047,1072,564,0,563,-1,7,556
08-059-048,897,490,0,490,0,2,488
08-059-049,996,514,0,514,0,6,508
08-059-050,952,624,0,626,2,25,601
08-059-051,905,533,0,533,0,3,530
08-059-052,903,538,0,539,1,14,525
08-059-053,955,551,0,550,-1,3,547
08-059-054,952,487,0,486,-1,4,482
08-059-055,842,502,0,502,0,8,494
08-059-056,897,562,0,563,1,15,548
08-059-057,949,573,0,573,0,1,572
08-059-058,863,559,0,559,0,1,558
08-059-059,1007,603,2,602,-1,4,598
08-059-060,914,533,1,533,0,3,530
08-059-061,1110,594,0,594,0,6,588
08-059-062,1052,607,0,607,0,2,605
08-059-063,922,572,0,570,-2,2,568
08-059-064,853,525,1,525,0,3,522
08-059-065,981,590,0,590,0,2,588
08-059-066,817,546,0,546,0,3,543
08-059-067,907,552,0,552,0,1,551
08-059-068,995,692,0,692,0,6,686
08-059-069,974,440,0,440,0,3,437
08-059-070,941,531,1,530,-1,3,527
08-059-071,855,459,0,459,0,1,458
08-059-072,989,608,0,608,0,3,605
08-059-073,813,576,1,576,0,4,572
08-059-074,1193,775,0,775,0,2,773
08-059-075,1032,705,0,711,6,64,647
08-059-076,1087,707,0,705,-2,10,695
08-059-077,1136,732,0,732,0,3,729
08-059-078,1092,747,0,747,0,2,745
08-059-079,1125,813,0,814,1,13,801
08-059-080,953,605,0,605,0,1,604
08-059-081,947,602,0,602,0,3,599
08-059-082,952,601,0,599,-2,3,596
08-059-083,1124,674,0,674,0,1,673
08-059-084,1083,720,0,719,-1,4,715
08-059-085,1062,679,0,679,0,2,677
08-059-086,1309,853,0,853,0,9,844
08-059-087,651,418,0,418,0,1,417
08-059-088,1278,792,0,792,0,4,788
08-059-089,1287,891,0,891,0,12,879
08-059-090,1177,808,0,807,-1,4,803
08-059-091,1265,887,0,887,0,3,884
08-059-092,1113,745,0,745,0,6,739
08-059-093,950,641,0,641,0,4,637
08-059-094,1014,677,0,677,0,1,676
08-059-095,1166,778,0,777,-1,3,774
08-059-096,713,507,0,507,0,0,507
08-059-097,715,451,0,450,-1,4,446
08-059-098,335,300,0,300,0,4,296
08-060-001,410,263,0,263,0,4,259
08-061-001,736,504,1,503,-1,11,492
08-061-002,725,521,0,521,0,5,516
08-062-001,1325,899,0,910,11,100,810
08-063-001,659,334,0,334,0,6,328
08-064-001,748,324,0,324,0,4,320
08-064-002,925,444,1,447,3,37,410
08-064-003,576,345,0,345,0,3,342
08-064-004,582,345,0,345,0,3,342
08-065-001,1260,831,0,831,0,13,818
08-065-002,1260,846,0,845,-1,2,843
08-065-003,1175,815,0,815,0,12,803
08-065-004,1211,765,0,764,-1,11,753
08-065-005,1252,821,0,821,0,7,814
08-066-001,921,697,0,697,0,10,687
08-066-002,883,638,0,638,0,13,625
08-067-001,989,673,0,673,0,9,664
08-067-002,930,663,1,663,0,5,658
08-067-003,939,678,0,678,0,7,671
08-068-001,1202,753,0,753,0,13,740
08-068-002,1254,786,0,784,-2,15,769
08-068-003,155,90,0,90,0,1,89
08-069-001,1144,764,0,764,0,14,750
08-069-002,1163,755,0,758,3,38,720
08-070-001,941,614,0,614,0,7,607
08-070-002,916,587,0,586,-1,21,565
08-070-003,820,465,0,465,0,7,458
08-071-001,1285,853,1,853,0,8,845
08-072-001,1024,658,0,657,-1,16,641
08-073-001,352,271,0,271,0,1,270
08-074-001,536,376,0,375,-1,6,369
08-075-001,261,181,0,181,0,6,175
08-076-001,777,555,0,555,0,18,537
08-076-002,703,492,0,492,0,4,488
08-077-001,955,529,0,528,-1,6,522
08-078-001,862,499,0,499,0,23,476
08-078-002,841,418,0,418,0,6,412
08-078-003,707,371,0,371,0,7,364
08-078-004,767,434,0,434,0,15,419
08-078-005,760,382,0,382,0,6,376
08-078-006,611,323,0,323,0,7,316
08-078-007,206,74,0,74,0,2,72
08-079-001,440,256,0,256,0,4,252
08-080-001,1035,534,0,534,0,11,523
08-081-001,131,80,0,78,-2,2,76
08-081-002,1139,768,0,768,0,13,755
08-081-003,871,530,0,527,-3,5,522
08-081-004,954,658,0,657,-1,12,645
08-081-005,976,673,0,670,-3,8,662
08-081-006,991,596,0,596,0,5,591
08-081-007,993,643,0,643,0,4,639
08-081-008,1130,711,1,710,-1,8,702
08-081-009,873,525,0,525,0,17,508
08-082-001,674,366,0,366,0,3,363
08-082-002,949,527,1,525,-2,6,519
08-082-003,191,92,0,92,0,4,88
08-083-001,198,149,0,149,0,3,146
08-084-001,738,572,0,572,0,17,555
08-085-001,290,187,0,179,-8,8,171
08-086-001,605,481,0,481,0,9,472
08-087-001,890,472,0,472,0,3,469
08-087-002,1112,641,0,640,-1,5,635
08-088-001,1107,726,1,726,0,8,718
08-088-002,1110,727,0,727,0,12,715
08-089-001,883,614,0,614,0,7,607
08-089-002,765,489,0,489,0,8,481
08-090-001,1106,759,0,759,0,21,738
08-091-001,430,256,0,256,0,6,250
08-092-001,746,500,0,500,0,10,490
08-092-002,1021,716,0,716,0,13,703
08-093-001,1127,758,0,757,-1,12,745
08-093-002,699,457,0,457,0,7,450
08-093-003,751,487,0,487,0,8,479
08-094-001,625,401,0,401,0,7,394
08-095-001,1143,657,0,654,-3,9,645
08-096-001,91,67,0,67,0,7,60
08-097-001,352,211,0,211,0,5,206
08-098-001,419,238,0,238,0,4,234
08-099-001,862,474,0,474,0,5,469
08-099-002,773,391,0,391,0,3,388
08-100-001,528,350,0,350,0,4,346
08-101-001,753,495,0,495,0,7,488
08-101-002,259,152,0,152,0,0,152
08-102-001,76,53,0,53,0,1,52
08-103-001,879,573,0,573,0,6,567
08-104-001,981,650,0,649,-1,5,644
08-104-002,812,496,0,496,0,4,492
08-104-003,694,338,1,338,0,1,337
08-104-004,901,558,0,558,0,3,555
08-104-005,885,532,0,531,-1,3,528
08-104-006,819,509,0,509,0,1,508
08-104-007,869,487,0,487,0,6,481
08-104-008,635,358,0,358,0,3,355
08-104-009,921,510,0,510,0,0,510
08-104-010,857,436,1,435,-1,4,431
08-104-011,876,449,0,449,0,3,446
08-104-012,671,421,0,421,0,4,417
08-104-013,863,523,0,523,0,0,523
08-104-014,845,542,0,542,0,2,540
08-104-015,919,512,0,512,0,3,509
08-104-016,936,575,1,575,0,6,569
08-104-017,711,382,0,381,-1,8,373
08-104-018,740,379,0,379,0,3,376
08-104-019,992,520,0,520,0,4,516
08-104-020,818,469,0,467,-2,7,460
08-104-021,751,385,1,385,0,4,381
08-104-022,664,394,0,394,0,0,394
08-104-023,929,482,0,480,-2,4,476
08-104-024,919,506,0,506,0,0,506
08-104-025,925,412,0,412,0,5,407
08-104-026,928,546,0,545,-1,5,540
08-104-027,676,355,0,354,-1,1,353
08-104-028,811,425,0,425,0,6,419
08-104-029,917,498,0,497,-1,28,469
08-104-030,801,453,0,457,4,37,420
08-105-001,966,568,0,568,0,4,564
08-105-002,1114,645,0,645,0,7,638
08-106-001,701,439,0,439,0,8,431
08-106-002,704,481,0,481,0,8,473
08-107-001,668,497,0,497,0,6,491
08-108-001,907,561,0,558,-3,5,553
08-109-001,1030,674,0,674,0,10,664
08-109-002,1043,679,0,679,0,11,668
08-110-001,757,507,0,507,0,13,494
08-111-001,793,540,1,539,-1,15,524
08-111-002,812,510,0,510,0,8,502
08-112-001,180,148,0,148,0,5,143
08-113-001,407,303,0,303,0,5,298
08-114-001,967,644,0,643,-1,11,632
08-114-002,1017,661,0,661,0,10,651
08-114-003,1120,697,0,695,-2,11,684
08-114-004,590,418,0,416,-2,3,413
08-115-001,714,495,0,495,0,5,490
08-116-001,838,569,0,569,0,6,563
08-116-002,751,531,0,531,0,3,528
08-116-003,816,543,0,543,0,7,536
08-117-001,1037,585,1,585,0,10,575
08-117-002,736,449,0,447,-2,9,438
08-117-003,800,463,0,463,0,6,457
08-117-004,237,166,0,166,0,2,164
08-118-001,305,193,0,193,0,1,192
08-119-001,241,164,0,164,0,3,161
08-120-001,938,589,0,589,0,12,577
08-121-001,1182,815,0,815,0,1,814
08-122-001,866,537,0,537,0,0,537
08-123-001,1038,666,0,666,0,16,650
08-123-002,914,608,0,608,0,10,598
08-124-001,284,226,0,226,0,4,222
08-125-001,85,62,0,62,0,2,60
08-126-001,226,176,0,176,0,5,171
08-127-001,528,390,0,390,0,9,381
08-128-001,407,290,0,290,0,4,286
08-128-002,540,418,0,418,0,15,403
08-128-003,386,283,0,281,-2,3,278
08-128-004,13,7,0,7,0,2,5
08-129-001,1013,666,0,666,0,7,659
08-130-001,450,246,0,246,0,1,245
08-131-001,481,292,0,292,0,5,287
08-132-001,581,372,0,372,0,9,363
08-133-001,1140,607,0,605,-2,8,597
08-133-002,1159,666,0,665,-1,7,658
08-134-001,816,507,0,506,-1,7,499
08-135-001,87,79,0,79,0,3,76
08-136-001,389,261,0,261,0,1,260
08-137-001,404,293,0,293,0,2,291
08-138-001,119,84,0,84,0,2,82
08-139-001,809,500,0,500,0,9,491
08-140-001,130,87,1,86,-1,3,83
08-141-001,221,178,0,178,0,2,176
08-142-001,279,205,0,205,0,3,202
08-143-001,420,270,0,270,0,0,270
08-144-001,266,194,0,194,0,3,191
08-145-001,352,236,0,236,0,4,232
08-146-001,480,320,0,320,0,8,312
08-146-002,182,132,0,132,0,1,131
08-146-003,70,47,0,47,0,0,47
08-147-001,273,172,0,172,0,3,169
08-148-001,224,188,0,188,0,0,188
08-149-001,905,525,1,525,0,10,515
08-150-001,1152,586,0,584,-2,5,579
08-150-002,872,447,0,446,-1,2,444
08-150-003,1005,513,0,513,0,2,511
08-150-004,872,565,0,567,2,28,539
08-150-005,753,456,0,456,0,7,449
08-150-006,854,504,0,504,0,1,503
08-150-007,948,568,0,568,0,3,565
08-150-008,743,466,0,466,0,6,460
08-150-009,999,587,0,587,0,2,585
08-150-010,1008,570,0,569,-1,3,566
08-150-011,816,437,0,437,0,3,434
08-150-012,784,455,0,455,0,3,452
08-150-013,713,376,0,376,0,1,375
08-150-014,725,417,0,417,0,6,411
08-150-015,718,420,0,420,0,3,417
08-150-016,801,445,0,445,0,2,443
08-150-017,626,382,0,382,0,1,381
08-150-018,999,623,0,623,0,0,623
08-150-019,1182,764,0,759,-5,3,756
08-150-020,837,468,0,468,0,2,466
08-150-021,1014,648,0,648,0,4,644
08-150-022,899,571,0,571,0,7,564
08-150-023,1118,723,0,723,0,0,723
08-150-024,868,509,0,507,-2,2,505
08-150-025,683,389,0,388,-1,2,386
08-150-026,645,398,0,398,0,2,396
08-150-027,820,494,0,494,0,1,493
08-150-028,956,512,1,512,0,5,507
08-150-029,1294,788,0,788,0,2,786
08-150-030,676,373,0,373,0,1,372
08-150-031,999,589,0,589,0,6,583
08-150-032,927,584,0,583,-1,1,582
08-150-033,1007,640,0,640,0,4,636
08-150-034,943,480,0,480,0,6,474
08-150-035,885,512,1,510,-2,5,505
08-150-036,1011,625,0,625,0,2,623
08-150-037,880,478,0,479,1,16,463
08-150-038,906,579,0,579,0,2,577
08-150-039,997,685,0,685,0,7,678
08-150-040,1254,832,0,832,0,6,826
08-150-041,971,667,0,668,1,13,655
08-150-042,804,554,0,554,0,2,552
08-150-043,902,554,0,556,2,27,529
08-150-044,891,558,0,560,2,23,537
08-150-045,702,481,0,481,0,1,480
08-150-046,756,443,0,443,0,1,442
08-150-047,1047,627,0,627,0,3,624
08-150-048,973,660,0,662,2,22,640
08-150-049,1299,821,0,821,0,1,820
08-150-050,753,447,0,447,0,2,445
08-151-001,694,477,0,477,0,7,470
08-152-001,1120,875,0,875,0,15,860
08-153-001,231,145,0,145,0,1,144
08-154-001,348,252,0,253,1,11,242
08-155-001,1052,740,0,739,-1,10,729
08-155-002,681,453,0,453,0,6,447
08-156-001,827,542,0,541,-1,2,539
08-157-001,696,490,0,490,0,17,473
08-158-001,1079,679,0,678,-1,6,672
08-159-001,551,389,0,389,0,7,382
08-160-001,344,257,0,257,0,8,249
08-161-001,606,359,0,359,0,3,356
08-162-001,727,444,0,444,0,5,439
08-163-001,150,99,0,100,1,8,92
08-164-001,1386,915,0,915,0,14,901
08-165-001,1183,548,0,547,-1,7,540
08-165-002,1009,562,0,562,0,9,553
08-165-003,1079,644,0,643,-1,10,633
08-166-001,855,566,0,566,0,10,556
08-166-002,875,642,0,642,0,9,633
08-167-001,266,220,0,220,0,10,210
08-168-001,793,503,0,503,0,10,493
08-169-001,636,420,0,420,0,8,412
08-170-001,69,48,0,48,0,1,47
08-171-001,422,288,0,288,0,5,283
08-172-001,712,501,0,501,0,5,496
08-172-002,698,491,0,491,0,9,482
08-172-003,763,424,0,423,-1,1,422
08-173-001,277,188,0,188,0,2,186
08-174-001,142,121,0,121,0,2,119
08-175-001,775,536,0,534,-2,8,526
08-176-001,804,476,0,475,-1,3,472
08-177-001,172,111,0,111,0,3,108
08-178-001,1125,706,0,706,0,5,701
08-179-001,339,237,0,237,0,6,231
08-180-001,121,88,0,88,0,1,87
08-181-001,528,305,0,305,0,2,303
08-182-001,418,240,0,240,0,4,236
08-183-001,338,250,0,249,-1,7,242
09-001-001,708,432,0,432,0,6,426
09-001-002,685,388,0,388,0,10,378
09-002-001,539,305,0,303,-2,9,294
09-003-001,921,553,0,552,-1,7,545
09-003-002,927,543,0,542,-1,11,531
09-004-001,946,562,0,562,0,7,555
09-005-001,1031,649,0,648,-1,4,644
09-005-002,646,405,0,405,0,2,403
09-005-003,879,565,0,564,-1,2,562
09-005-004,880,538,0,538,0,6,532
09-005-005,738,482,0,482,0,3,479
09-005-006,872,351,0,351,0,1,350
09-005-007,758,527,0,527,0,6,521
09-005-008,920,519,0,519,0,5,514
09-005-009,1002,519,0,519,0,7,512
09-005-010,783,435,0,435,0,6,429
09-005-011,997,420,0,420,0,14,406
09-005-012,871,445,0,445,0,6,439
09-005-013,852,504,0,503,-1,4,499
09-005-014,775,468,0,467,-1,6,461
09-005-015,818,541,0,541,0,6,535
09-005-016,867,506,0,506,0,10,496
09-005-017,80,39,0,39,0,1,38
09-006-001,570,292,0,292,0,4,288
09-006-002,673,306,0,306,0,5,301
09-006-003,674,336,0,336,0,4,332
09-007-001,316,190,0,190,0,8,182
09-008-001,691,425,0,425,0,4,421
09-008-002,788,453,0,452,-1,5,447
09-009-001,723,406,0,406,0,4,402
09-009-002,596,305,0,305,0,6,299
09-009-003,651,329,1,328,-1,2,326
09-009-004,916,461,0,461,0,5,456
09-009-005,590,283,0,284,1,15,269
09-009-006,814,300,1,299,-1,3,296
09-009-007,720,370,0,370,0,5,365
09-009-008,672,274,0,274,0,3,271
09-009-009,828,468,0,463,-5,4,459
09-009-010,648,327,0,327,0,1,326
09-009-011,742,419,0,419,0,2,417
09-009-012,700,423,0,422,-1,1,421
09-009-013,936,460,0,460,0,6,454
09-009-014,567,349,0,349,0,6,343
09-009-015,699,330,0,330,0,4,326
09-009-016,733,359,0,359,0,5,354
09-010-001,144,104,0,104,0,2,102
09-011-001,758,399,0,399,0,5,394
09-011-002,701,386,0,386,0,8,378
09-011-003,725,400,0,394,-6,4,390
09-011-004,964,548,0,548,0,17,531
09-011-005,732,352,0,352,0,6,346
09-012-001,600,339,0,339,0,7,332
09-012-002,640,288,0,286,-2,12,274
09-012-003,685,354,0,354,0,9,345
09-013-001,751,380,0,380,0,17,363
09-014-001,1075,703,0,702,-1,16,686
09-014-002,1037,655,0,655,0,4,651
09-014-003,1052,733,0,732,-1,4,728
09-015-001,424,239,0,239,0,4,235
09-016-001,711,450,0,449,-1,14,435
09-016-002,685,418,0,418,0,12,406
09-016-003,49,32,0,32,0,0,32
09-017-001,433,253,0,253,0,2,251
09-018-001,500,428,0,428,0,1,427
09-018-011,633,198,0,198,0,2,196
09-018-012,1402,744,0,739,-5,0,739
09-018-013,1455,510,0,510,0,4,506
09-018-014,1359,798,0,797,-1,3,794
09-018-015,1383,675,0,675,0,4,671
09-018-016,608,389,0,389,0,0,389
09-018-021,1341,776,0,776,0,3,773
09-018-022,1367,808,0,806,-2,5,801
09-018-023,1318,824,0,824,0,0,824
09-018-024,1259,777,0,777,0,2,775
09-018-025,1214,783,0,783,0,0,783
09-018-031,1206,694,0,694,0,2,692
09-018-032,1266,816,0,816,0,3,813
09-018-033,1074,678,0,678,0,1,677
09-018-034,985,606,0,606,0,2,604
09-018-035,1295,809,0,814,5,50,764
09-018-041,1083,534,0,534,0,4,530
09-018-042,1253,704,0,703,-1,2,701
09-018-043,976,473,0,473,0,10,463
09-018-044,810,392,0,392,0,2,390
09-018-045,942,517,0,516,-1,2,514
09-018-046,1298,519,0,519,0,2,517
09-018-051,1163,638,0,638,0,6,632
09-018-052,1268,688,0,688,0,5,683
09-018-053,1309,812,0,812,0,4,808
09-018-054,1238,682,0,682,0,4,678
09-018-055,1170,557,0,557,0,4,553
09-018-061,779,271,0,271,0,1,270
09-018-062,1354,471,1,471,0,4,467
09-018-063,1400,845,0,834,-11,7,827
09-018-064,586,203,0,203,0,1,202
09-018-065,1280,788,0,782,-6,4,778
09-018-066,872,547,0,547,0,2,545
09-018-067,758,481,1,481,0,3,478
09-018-071,877,328,0,328,0,2,326
09-018-072,1473,657,0,657,0,1,656
09-018-073,1437,764,0,770,6,60,710
09-018-074,1376,793,0,793,0,6,787
09-018-075,1288,768,0,767,-1,3,764
09-018-076,1251,748,0,746,-2,4,742
09-018-081,1222,563,0,567,4,41,526
09-018-082,1428,838,0,835,-3,7,828
09-018-083,1319,759,0,755,-4,4,751
09-018-084,1262,820,0,820,0,3,817
09-018-085,1049,679,0,679,0,5,674
09-018-086,886,483,1,483,0,3,480
09-018-091,1449,684,0,684,0,5,679
09-018-092,1430,521,0,520,-1,4,516
09-018-093,1448,674,0,674,0,5,669
09-018-094,1448,514,0,514,0,2,512
09-018-095,1372,817,0,817,0,4,813
09-018-101,1181,748,0,748,0,2,746
09-018-102,1185,561,0,561,0,3,558
09-018-103,1414,843,0,843,0,3,840
09-018-104,978,552,0,552,0,3,549
09-018-105,1421,774,0,773,-1,6,767
09-018-106,1442,887,0,891,4,47,844
09-018-111,1233,614,0,614,0,6,608
09-018-112,1262,666,0,666,0,3,663
09-018-113,1150,622,0,622,0,5,617
09-018-114,1059,669,1,669,0,4,665
09-018-115,1061,681,0,681,0,6,675
09-018-116,684,363,0,363,0,0,363
09-018-117,811,448,0,448,0,4,444
09-018-121,989,533,0,533,0,2,531
09-018-122,873,441,0,441,0,2,439
09-018-123,1126,590,0,590,0,4,586
09-018-124,1054,593,0,593,0,0,593
09-018-125,1105,540,2,539,-1,4,535
09-018-126,964,502,0,500,-2,0,500
09-018-127,1049,576,0,576,0,2,574
09-018-131,1111,580,0,580,0,3,577
09-018-132,1083,578,0,578,0,2,576
09-018-133,1164,601,0,600,-1,2,598
09-018-134,1117,596,0,596,0,4,592
09-018-135,1074,584,0,583,-1,1,582
09-018-136,887,403,0,402,-1,3,399
09-018-141,1387,720,0,717,-3,3,714
09-018-142,1452,810,0,808,-2,2,806
09-018-143,1479,789,0,787,-2,1,786
09-018-144,1270,579,0,576,-3,7,569
09-018-145,1068,719,0,717,-2,1,716
09-018-151,862,630,0,629,-1,2,627
09-018-152,1014,525,0,526,1,16,510
09-018-153,1367,919,1,919,0,3,916
09-018-154,1097,550,0,549,-1,8,541
09-018-155,1123,615,0,601,-14,2,599
09-018-156,932,439,2,437,-2,3,434
09-018-161,1210,689,0,688,-1,8,680
09-018-162,1053,578,0,578,0,6,572
09-018-163,1143,637,0,636,-1,3,633
09-018-164,1032,563,0,563,0,3,560
09-018-165,1162,686,0,686,0,1,685
09-018-166,1375,705,0,701,-4,4,697
09-018-171,1166,660,0,659,-1,3,656
09-018-172,937,648,0,644,-4,7,637
09-018-173,1418,865,0,843,-22,1,842
09-018-174,831,524,0,523,-1,6,517
09-018-175,1126,690,0,691,1,12,679
09-018-176,646,338,0,338,0,3,335
09-018-181,809,548,0,548,0,6,542
09-018-182,635,445,0,445,0,6,439
09-018-183,1233,801,0,801,0,4,797
09-018-184,1115,795,0,795,0,2,793
09-018-185,933,630,0,631,1,10,621
09-018-186,1324,817,0,815,-2,3,812
09-018-187,946,567,0,567,0,4,563
09-018-191,788,373,0,373,0,0,373
09-018-192,701,329,0,329,0,1,328
09-018-193,959,580,0,580,0,2,578
09-018-194,1291,734,0,734,0,4,730
09-018-195,713,441,0,441,0,1,440
09-018-196,1264,666,0,665,-1,3,662
09-018-201,953,454,0,454,0,1,453
09-018-202,1238,685,0,684,-1,4,680
09-018-203,1144,605,0,604,-1,1,603
09-018-204,1108,627,0,627,0,5,622
09-018-205,996,539,0,539,0,2,537
09-018-206,1090,658,0,658,0,9,649
09-018-211,597,364,0,364,0,1,363
09-018-212,727,394,0,394,0,4,390
09-018-213,390,260,0,260,0,0,260
09-018-214,1284,817,1,818,1,12,806
09-018-215,838,630,0,628,-2,3,625
09-018-216,1362,909,0,909,0,7,902
09-018-217,1306,943,0,942,-1,2,940
09-018-221,1078,583,1,583,0,3,580
09-018-222,1022,579,0,579,0,7,572
09-018-223,1126,595,0,597,2,24,573
09-018-224,941,548,0,548,0,1,547
09-018-225,915,591,0,591,0,4,587
09-018-226,456,283,0,283,0,0,283
09-018-231,1316,791,0,791,0,2,789
09-018-232,1449,862,0,862,0,5,857
09-018-233,1379,829,0,829,0,2,827
09-018-234,1410,893,0,892,-1,3,889
09-018-235,1119,668,0,668,0,4,664
09-019-001,972,413,0,413,0,6,407
09-019-002,919,331,0,331,0,3,328
09-019-003,857,487,0,486,-1,16,470
09-019-004,921,425,0,425,0,8,417
09-019-005,879,511,0,511,0,2,509
09-019-006,935,496,0,494,-2,11,483
09-019-007,828,455,2,456,1,19,437
09-019-008,372,113,0,113,0,6,107
09-020-001,988,541,0,541,0,11,530
09-020-002,877,444,0,444,0,9,435
09-020-003,1068,608,0,608,0,5,603
09-020-004,872,447,0,447,0,5,442
09-021-001,634,243,0,243,0,9,234
09-021-002,597,256,0,256,0,7,249
09-021-003,732,382,0,382,0,7,375
09-021-004,674,313,0,313,0,4,309
09-021-005,756,368,0,368,0,3,365
09-021-006,439,205,0,204,-1,5,199
09-021-007,138,67,0,67,0,0,67
09-022-001,1067,615,0,615,0,7,608
09-023-001,230,145,0,145,0,3,142
09-024-001,811,476,0,476,0,3,473
09-024-002,823,504,0,504,0,9,495
09-024-003,751,402,1,402,0,9,393
09-024-004,791,465,0,465,0,5,460
09-025-001,939,588,0,588,0,11,577
09-026-001,415,260,0,260,0,6,254
09-026-002,347,213,0,213,0,4,209
09-026-003,394,242,0,243,1,18,225
09-026-004,159,100,0,100,0,2,98
09-027-001,655,462,0,462,0,10,452
09-028-001,911,583,0,583,0,9,574
09-028-002,964,621,0,621,0,16,605
09-028-003,54,30,0,30,0,0,30
09-029-001,882,484,0,484,0,21,463
09-029-002,793,454,0,453,-1,5,448
09-030-001,1002,617,0,615,-2,13,602
09-030-002,829,540,0,540,0,2,538
09-030-003,646,303,0,303,0,2,301
09-030-004,1091,649,0,647,-2,5,642
09-030-005,1007,648,0,648,0,4,644
09-030-006,1197,621,0,619,-2,2,617
09-030-007,803,268,0,268,0,9,259
09-030-008,175,100,0,100,0,1,99
09-030-009,1171,599,0,600,1,15,585
09-030-010,1135,612,0,610,-2,12,598
09-030-011,775,460,0,460,0,1,459
09-030-012,1062,714,0,714,0,3,711
09-030-013,705,391,0,391,0,2,389
09-030-014,738,463,0,463,0,3,460
09-030-015,612,366,0,366,0,1,365
09-030-016,680,395,0,395,0,4,391
09-030-017,887,563,0,563,0,8,555
09-030-018,769,470,0,470,0,7,463
09-030-019,1176,734,0,733,-1,4,729
09-030-020,732,404,0,404,0,4,400
09-030-021,931,548,0,548,0,9,539
09-030-022,942,566,0,566,0,1,565
09-030-023,1118,538,1,537,-1,10,527
09-030-024,1032,481,0,480,-1,11,469
09-030-025,1121,560,0,559,-1,2,557
09-030-026,816,311,0,311,0,5,306
09-030-027,700,295,0,295,0,2,293
09-031-001,822,506,0,506,0,5,501
09-031-002,953,579,0,578,-1,16,562
09-031-003,943,616,0,615,-1,10,605
09-031-004,1018,589,0,588,-1,4,584
09-031-005,908,479,0,479,0,5,474
09-031-006,784,466,0,466,0,8,458
09-031-007,745,379,0,378,-1,9,369
09-031-008,648,390,0,390,0,5,385
09-032-001,1189,462,0,460,-2,17,443
09-032-002,1037,512,0,510,-2,59,451
09-032-003,1226,540,0,538,-2,6,532
09-032-004,1204,526,0,526,0,16,510
09-032-005,1088,472,0,472,0,17,455
09-032-006,1215,591,1,588,-3,8,580
09-032-007,1275,714,0,712,-2,6,706
09-032-008,1252,646,0,646,0,8,638
09-032-009,105,54,0,54,0,1,53
09-033-001,853,472,0,472,0,6,466
09-033-002,653,356,0,354,-2,4,350
09-033-003,778,445,0,445,0,2,443
09-033-004,877,483,0,482,-1,3,479
09-033-005,857,473,0,471,-2,4,467
09-033-006,872,591,0,591,0,5,586
09-033-007,876,494,0,494,0,4,490
09-033-008,863,452,0,449,-3,6,443
09-033-009,774,471,0,471,0,8,463
09-033-010,791,464,0,464,0,2,462
09-033-011,797,516,0,517,1,16,501
09-033-012,821,538,0,538,0,11,527
09-033-013,794,504,0,504,0,3,501
09-033-014,802,490,0,490,0,7,483
09-033-015,698,324,0,324,0,3,321
09-033-016,701,448,0,448,0,4,444
09-033-017,320,204,0,204,0,6,198
09-034-001,1421,715,0,725,10,81,644
09-034-002,1471,811,0,810,-1,6,804
09-034-003,1329,625,0,625,0,11,614
09-034-004,1255,696,0,696,0,7,689
09-034-005,1328,594,0,594,0,8,586
09-034-006,547,226,0,225,-1,3,222
09-034-007,1053,506,0,504,-2,2,502
09-034-008,1593,730,0,730,0,5,725
09-034-009,1466,691,0,692,1,17,675
09-035-001,1129,676,0,677,1,17,660
09-035-002,1069,633,1,633,0,8,625
09-035-003,883,449,0,448,-1,3,445
09-035-004,808,438,0,436,-2,3,433
09-035-005,729,377,0,376,-1,2,374
09-035-006,904,510,0,510,0,2,508
09-035-007,729,403,0,404,1,16,388
09-035-008,1183,583,0,582,-1,5,577
09-035-009,786,368,0,368,0,3,365
09-035-010,881,497,0,497,0,1,496
09-035-011,890,471,0,471,0,9,462
09-035-012,674,342,0,342,0,4,338
09-035-013,962,424,0,422,-2,1,421
09-035-014,926,441,0,441,0,2,439
09-035-015,1033,631,0,631,0,6,625
09-035-016,1177,671,0,670,-1,3,667
09-035-017,1037,502,0,502,0,11,491
09-035-018,1212,515,0,515,0,8,507
09-035-019,1212,748,0,748,0,1,747
09-035-020,1381,753,0,753,0,4,749
09-036-001,754,411,0,411,0,13,398
09-036-002,779,468,0,468,0,16,452
09-036-003,819,431,0,431,0,10,421
09-037-001,861,527,1,526,-1,24,502
09-038-001,980,671,0,671,0,12,659
09-038-002,154,65,0,65,0,0,65
09-039-001,1109,679,0,678,-1,10,668
09-039-002,1174,585,0,584,-1,17,567
09-039-003,1049,571,0,571,0,10,561
09-039-004,1084,560,0,560,0,7,553
09-040-001,896,446,0,449,3,33,416
09-040-002,926,475,0,475,0,2,473
09-040-003,932,406,0,406,0,3,403
09-040-004,915,473,1,471,-2,5,466
09-040-005,931,524,0,524,0,12,512
09-041-001,986,590,0,589,-1,14,575
09-042-001,487,286,0,285,-1,8,277
09-043-001,583,317,0,317,0,6,311
09-043-002,591,350,0,350,0,7,343
09-043-003,587,317,0,316,-1,12,304
09-043-004,596,320,0,320,0,8,312
09-043-005,570,298,0,297,-1,10,287
09-043-006,589,256,0,256,0,13,243
09-043-007,432,216,0,216,0,8,208
09-043-008,68,38,0,38,0,0,38
09-044-001,718,331,0,331,0,16,315
09-044-002,904,457,0,457,0,17,440
09-045-001,578,331,0,332,1,13,319
09-046-001,683,366,0,368,2,27,341
09-046-002,71,27,0,27,0,0,27
09-047-001,1025,518,0,517,-1,5,512
09-047-002,899,370,0,370,0,10,360
09-047-003,1156,461,0,461,0,11,450
09-047-004,1055,402,0,401,-1,18,383
09-047-005,755,300,0,299,-1,7,292
09-047-006,817,346,0,344,-2,8,336
09-048-001,662,470,0,470,0,11,459
09-049-001,547,303,1,303,0,3,300
09-050-001,502,330,0,330,0,9,321
09-051-001,831,418,0,418,0,4,414
09-051-002,797,457,0,457,0,5,452
09-051-003,823,441,0,441,0,1,440
09-051-004,824,428,0,428,0,5,423
09-051-005,830,363,0,362,-1,5,357
09-052-001,828,494,0,494,0,6,488
09-052-002,944,543,0,544,1,32,512
09-053-001,1231,728,0,728,0,10,718
09-053-002,1110,709,2,706,-3,11,695
09-054-001,1058,580,0,578,-2,17,561
09-055-001,835,501,0,501,0,9,492
09-055-002,834,495,0,495,0,21,474
09-056-001,1297,752,0,751,-1,12,739
09-056-002,1304,634,0,634,0,14,620
09-056-003,1350,694,0,693,-1,8,685
09-056-004,1367,624,0,623,-1,11,612
09-056-005,1400,706,0,706,0,6,700
09-057-001,439,289,0,289,0,6,283
09-057-002,807,499,0,498,-1,10,488
09-057-003,597,381,0,381,0,10,371
09-057-004,933,616,0,616,0,12,604
09-057-005,79,47,0,47,0,4,43
09-057-006,175,109,0,109,0,0,109
09-058-001,735,452,0,452,0,0,452
09-058-002,749,458,0,458,0,7,451
09-058-003,649,380,0,380,0,8,372
09-058-004,571,387,0,387,0,4,383
09-058-005,833,528,0,528,0,30,498
09-058-006,1139,588,0,586,-2,27,559
09-058-007,747,399,0,399,0,8,391
09-058-008,404,157,0,155,-2,5,150
09-059-001,826,506,0,505,-1,6,499
09-059-002,812,482,0,480,-2,8,472
09-059-003,562,339,0,337,-2,7,330
09-059-004,771,408,0,408,0,14,394
09-059-005,78,51,0,51,0,1,50
09-060-001,779,533,0,532,-1,9,523
09-060-002,790,588,0,588,0,9,579
09-061-001,883,459,1,457,-2,15,442
09-061-002,1073,629,0,628,-1,16,612
09-062-001,819,372,0,372,0,2,370
09-062-002,873,384,0,383,-1,8,375
09-062-003,837,386,0,386,0,4,382
09-062-004,711,251,0,250,-1,1,249
09-062-005,1003,451,0,450,-1,9,441
09-062-006,1112,321,0,321,0,1,320
09-062-007,937,201,0,201,0,2,199
09-063-001,680,404,0,404,0,9,395
09-063-002,590,376,0,376,0,7,369
09-063-003,638,381,0,381,0,4,377
09-063-004,747,427,0,427,0,6,421
09-063-005,690,390,0,390,0,9,381
09-063-006,633,360,0,360,0,5,355
09-063-007,723,438,0,438,0,2,436
09-063-008,720,413,0,413,0,3,410
09-063-009,792,475,0,475,0,2,473
09-063-010,636,395,0,395,0,6,389
09-063-011,666,359,0,359,0,4,355
09-063-012,704,358,0,358,0,8,350
09-063-013,690,369,0,369,0,5,364
09-063-014,600,318,0,318,0,0,318
09-063-015,721,320,0,319,-1,15,304
09-063-016,796,364,1,363,-1,8,355
09-064-001,671,437,0,436,-1,11,425
09-065-001,877,562,0,562,0,11,551
09-065-002,967,534,0,532,-2,17,515
09-066-001,789,448,0,448,0,8,440
09-066-002,709,444,0,444,0,8,436
09-066-003,761,403,0,403,0,11,392
09-067-001,879,620,0,618,-2,17,601
09-068-001,982,563,0,563,0,26,537
09-069-001,495,306,0,306,0,8,298
09-069-002,554,331,0,331,0,7,324
09-070-001,1245,743,0,743,0,14,729
09-070-002,1016,579,0,577,-2,12,565
09-070-003,993,566,0,566,0,9,557
09-070-004,965,556,0,556,0,13,543
09-070-005,893,500,0,500,0,15,485
09-071-001,791,396,0,396,0,3,393
09-072-001,676,372,0,372,0,6,366
09-072-002,731,332,0,332,0,13,319
09-072-003,735,372,0,372,0,8,364
09-072-004,704,303,0,303,0,4,299
09-072-005,719,377,0,376,-1,7,369
09-072-006,76,42,0,42,0,1,41
09-073-001,539,324,0,324,0,1,323
09-074-001,254,130,0,130,0,2,128
09-075-001,399,232,0,232,0,3,229
09-076-001,861,599,0,592,-7,17,575
09-077-001,1105,528,0,528,0,13,515
09-078-001,681,272,0,272,0,6,266
09-079-001,1086,600,0,600,0,8,592
09-079-002,845,505,0,506,1,30,476
09-079-003,842,517,0,517,0,11,506
09-079-004,700,459,0,457,-2,6,451
09-079-005,811,572,0,572,0,8,564
09-080-001,917,529,0,529,0,13,516
09-081-001,98,82,0,82,0,4,78
09-082-001,1202,760,2,759,-1,9,750
10-001-001,1036,686,0,686,0,12,674
10-001-002,1022,594,0,593,-1,19,574
10-002-001,693,347,0,347,0,3,344
10-002-002,738,456,0,456,0,8,448
10-002-003,670,392,0,391,-1,4,387
10-003-001,586,396,0,395,-1,8,387
10-004-001,1056,723,0,724,1,17,707
10-004-002,1076,637,0,637,0,4,633
10-005-001,766,382,0,382,0,10,372
10-005-002,596,308,0,307,-1,0,307
10-005-003,593,329,0,328,-1,4,324
10-006-001,738,394,0,394,0,8,386
10-006-002,724,370,0,369,-1,2,367
10-007-001,1023,595,0,595,0,18,577
10-008-001,800,501,0,501,0,12,489
10-009-001,316,248,0,248,0,8,240
10-010-001,524,357,0,357,0,4,353
10-011-001,699,433,0,432,-1,7,425
10-011-002,604,398,0,395,-3,10,385
10-011-003,730,410,0,408,-2,14,394
10-012-001,741,423,0,423,0,9,414
10-012-002,796,385,0,385,0,6,379
10-012-003,645,342,0,342,0,8,334
10-013-001,1043,444,0,443,-1,5,438
10-014-001,574,373,0,372,-1,11,361
10-015-001,824,443,0,443,0,10,433
10-015-002,777,470,0,470,0,8,462
10-015-003,745,432,0,432,0,9,423
10-016-001,787,461,2,459,-2,5,454
10-017-001,226,123,0,123,0,1,122
10-018-001,577,471,0,471,0,8,463
10-019-001,593,316,0,314,-2,4,310
10-019-002,571,289,0,289,0,2,287
10-019-003,596,342,0,342,0,8,334
10-020-001,522,391,0,391,0,11,380
10-021-001,940,666,0,666,0,8,658
10-022-001,710,374,0,375,1,17,358
10-022-002,860,498,0,498,0,7,491
10-023-001,734,478,0,479,1,17,462
10-024-001,914,520,0,520,0,11,509
10-024-002,877,450,0,448,-2,8,440
10-024-003,832,469,0,469,0,4,465
10-025-001,858,532,0,531,-1,2,529
10-025-002,1134,723,0,722,-1,1,721
10-025-003,928,591,0,590,-1,2,588
10-025-004,732,433,0,433,0,2,431
10-025-005,1179,729,0,729,0,3,726
10-025-006,965,617,0,617,0,3,614
10-025-007,938,610,0,609,-1,1,608
10-025-008,1110,672,0,672,0,0,672
10-025-009,1048,657,0,656,-1,2,654
10-025-010,1080,654,2,652,-2,6,646
10-025-011,814,528,1,529,1,15,514
10-025-012,670,418,0,418,0,2,416
10-025-013,831,542,0,542,0,4,538
10-025-014,906,533,0,533,0,2,531
10-025-015,736,452,0,452,0,1,451
10-025-016,827,556,0,556,0,3,553
10-025-017,693,464,0,464,0,1,463
10-025-018,1010,482,0,481,-1,6,475
10-025-019,782,497,0,497,0,0,497
10-025-020,770,477,0,477,0,1,476
10-025-021,1001,619,0,619,0,4,615
10-025-022,621,364,0,364,0,2,362
10-025-023,1081,709,0,708,-1,4,704
10-025-024,864,514,0,514,0,6,508
10-025-025,1092,773,1,772,-1,5,767
10-025-026,1117,695,0,691,-4,5,686
10-025-027,806,508,0,507,-1,2,505
10-025-028,982,629,0,629,0,5,624
10-025-029,1064,687,0,686,-1,0,686
10-025-030,1093,690,0,690,0,2,688
10-025-031,1238,651,0,649,-2,7,642
10-025-032,1028,508,0,508,0,0,508
10-025-033,1106,623,0,621,-2,4,617
10-025-034,1060,601,1,601,0,3,598
10-025-035,1000,474,0,474,0,3,471
10-025-036,1172,724,0,724,0,3,721
10-025-037,1059,574,0,571,-3,4,567
10-025-038,1283,662,0,661,-1,1,660
10-025-039,1059,542,0,542,0,5,537
10-025-040,928,614,0,613,-1,7,606
10-025-041,991,574,0,574,0,7,567
10-025-042,828,489,0,489,0,3,486
10-026-001,1179,652,0,652,0,13,639
10-027-001,461,316,0,316,0,6,310
10-028-001,221,102,0,102,0,2,100
10-028-002,415,191,0,191,0,5,186
10-028-003,395,148,0,148,0,2,146
10-029-001,550,279,0,279,0,7,272
10-030-001,861,590,0,590,0,9,581
10-030-002,735,443,0,443,0,6,437
10-031-001,864,583,0,583,0,7,576
10-032-001,500,336,0,336,0,8,328
10-033-001,772,463,0,463,0,11,452
10-033-002,880,457,0,457,0,12,445
10-033-003,897,451,0,450,-1,22,428
10-034-001,629,431,0,429,-2,26,403
10-035-001,254,205,0,205,0,1,204
10-036-001,808,423,0,423,0,5,418
10-037-001,1028,688,0,688,0,7,681
10-037-002,915,515,0,515,0,12,503
10-037-003,857,634,0,634,0,18,616
10-038-001,1015,517,0,517,0,8,509
10-038-002,939,496,0,496,0,5,491
10-038-003,930,565,1,564,-1,5,559
10-038-004,993,473,0,472,-1,12,460
10-038-005,922,424,0,424,0,5,419
10-038-006,1042,453,0,451,-2,11,440
10-039-001,639,434,0,434,0,1,433
10-039-002,989,719,0,719,0,11,708
10-039-003,660,410,0,409,-1,1,408
10-039-004,825,572,0,572,0,4,568
10-039-005,987,524,0,523,-1,14,509
10-039-006,750,394,0,394,0,8,386
10-039-007,839,577,0,576,-1,2,574
10-039-008,638,405,0,405,0,1,404
10-039-009,960,677,0,677,0,3,674
10-039-010,725,491,0,491,0,3,488
10-039-011,996,642,0,641,-1,3,638
10-039-012,655,427,0,427,0,3,424
10-039-013,694,445,0,444,-1,2,442
10-039-014,628,423,0,423,0,4,419
10-039-015,635,398,2,396,-2,2,394
10-039-016,750,430,0,430,0,1,429
10-039-017,694,406,0,406,0,1,405
10-039-018,613,346,0,344,-2,4,340
10-039-019,775,431,0,430,-1,3,427
10-039-020,783,491,0,491,0,3,488
10-039-021,702,387,0,387,0,2,385
10-039-022,768,435,0,435,0,1,434
10-039-023,871,425,0,423,-2,5,418
10-039-024,519,340,0,338,-2,2,336
10-039-025,715,355,0,352,-3,3,349
10-039-026,585,336,0,335,-1,4,331
10-039-027,805,448,0,448,0,3,445
10-039-028,742,379,0,378,-1,3,375
10-039-029,680,380,0,378,-2,4,374
10-039-030,433,232,0,232,0,11,221
10-040-001,1102,785,0,785,0,7,778
10-040-002,1021,777,0,777,0,10,767
10-041-001,1071,619,0,619,0,14,605
10-042-001,911,423,0,423,0,6,417
10-042-002,1017,590,0,588,-2,7,581
10-043-001,713,441,0,441,0,6,435
10-043-002,813,566,0,566,0,6,560
10-043-003,858,548,0,547,-1,3,544
10-044-001,863,531,0,531,0,3,528
10-044-002,995,548,1,547,-1,7,540
10-045-001,310,205,0,205,0,6,199
10-045-002,623,479,0,478,-1,13,465
10-046-001,744,458,0,458,0,4,454
10-046-002,1066,683,0,685,2,29,656
10-046-003,1171,604,0,604,0,6,598
10-046-004,959,555,0,555,0,6,549
10-046-005,826,453,0,455,2,32,423
10-046-006,830,488,0,487,-1,4,483
10-046-007,984,521,0,521,0,3,518
10-046-008,945,527,0,527,0,2,525
10-046-009,838,496,0,497,1,12,485
10-046-010,795,469,0,469,0,1,468
10-046-011,1121,665,0,665,0,5,660
10-046-012,1232,773,1,772,-1,2,770
10-046-013,634,410,0,410,0,3,407
10-046-014,1078,622,0,624,2,28,596
10-046-015,1227,638,1,636,-2,7,629
10-046-016,610,383,0,383,0,5,378
10-046-017,1018,540,0,540,0,4,536
10-047-001,767,564,0,564,0,3,561
10-047-002,740,499,0,499,0,14,485
10-048-001,1019,606,0,604,-2,3,601
10-048-002,942,582,0,582,0,2,580
10-048-003,1061,611,0,611,0,5,606
10-048-004,200,105,0,105,0,3,102
10-048-005,1040,584,0,584,0,5,579
10-048-006,958,475,0,475,0,3,472
10-048-007,1029,571,1,570,-1,6,564
10-048-008,1011,606,0,605,-1,4,601
10-048-009,621,307,0,306,-1,7,299
10-049-001,456,283,0,283,0,7,276
10-050-001,535,344,0,342,-2,8,334
10-051-001,764,441,0,443,2,32,411
10-051-002,746,435,0,433,-2,15,418
10-051-003,798,450,0,451,1,18,433
10-051-004,750,449,0,448,-1,7,441
10-052-001,532,323,0,323,0,7,316
10-052-002,485,277,0,276,-1,4,272
10-052-003,132,89,0,88,-1,0,88
10-053-001,294,251,0,248,-3,2,246
10-054-001,809,542,0,541,-1,13,528
10-054-002,763,439,0,439,0,17,422
10-054-003,752,518,0,518,0,10,508
10-055-001,751,388,0,388,0,11,377
10-055-002,828,376,0,372,-4,9,363
10-055-003,713,361,0,361,0,15,346
10-055-004,425,253,0,253,0,5,248
10-056-001,635,323,0,322,-1,3,319
10-056-002,478,288,0,288,0,7,281
10-057-001,847,379,0,379,0,4,375
10-057-002,793,286,0,286,0,2,284
10-058-001,116,84,0,84,0,1,83
10-059-001,804,489,0,489,0,11,478
10-059-002,577,328,0,328,0,7,321
10-059-003,748,420,0,421,1,26,395
10-060-001,813,479,0,480,1,26,454
10-061-001,693,273,0,273,0,6,267
10-061-002,791,427,0,427,0,7,420
10-062-001,695,432,0,432,0,15,417
10-062-002,688,475,0,474,-1,14,460
10-063-001,640,358,0,358,0,6,352
10-063-002,805,446,0,446,0,6,440
10-063-003,864,481,0,481,0,9,472
10-063-004,741,417,0,417,0,9,408
10-063-005,724,438,0,438,0,2,436
10-063-006,608,391,0,391,0,6,385
10-064-001,602,440,0,440,0,8,432
10-065-001,660,398,0,398,0,3,395
10-065-002,667,393,0,393,0,8,385
10-065-003,674,353,0,353,0,2,351
10-066-001,687,454,0,454,0,3,451
10-066-002,778,550,0,549,-1,9,540
10-067-001,612,473,0,473,0,8,465
10-068-001,730,502,0,502,0,7,495
10-068-002,740,482,0,482,0,6,476
10-069-001,417,325,0,324,-1,8,316
10-070-001,873,530,0,530,0,12,518
10-071-001,1175,582,0,576,-6,20,556
10-072-001,562,355,0,355,0,9,346
10-073-001,294,190,0,190,0,3,187
10-074-001,1292,803,0,803,0,27,776
10-075-001,460,328,0,328,0,3,325
10-076-001,971,508,0,508,0,4,504
10-076-002,948,486,0,486,0,5,481
10-076-003,741,404,0,404,0,2,402
10-077-001,725,527,0,527,0,6,521
10-078-001,556,342,0,341,-1,5,336
10-079-001,740,469,0,469,0,12,457
10-080-001,748,454,0,454,0,8,446
10-080-002,774,488,0,487,-1,4,483
10-081-001,494,273,0,272,-1,4,268
10-081-002,641,390,0,390,0,3,387
10-082-001,734,373,0,373,0,6,367
10-082-002,740,412,0,410,-2,3,407
10-082-003,862,521,0,521,0,4,517
10-083-001,573,399,0,399,0,7,392
10-083-002,542,321,0,321,0,12,309
10-083-003,294,203,0,203,0,2,201
10-083-004,154,118,0,118,0,4,114
10-084-001,358,285,0,285,0,4,281
10-085-001,1057,686,0,685,-1,16,669
10-085-002,1012,557,0,557,0,17,540
10-086-001,1039,654,0,652,-2,23,629
10-087-001,594,388,0,387,-1,6,381
10-087-002,554,372,0,372,0,6,366
10-087-003,547,371,0,371,0,10,361
10-088-001,682,473,0,470,-3,9,461
10-088-002,760,519,0,515,-4,21,494
10-088-003,713,414,0,414,0,12,402
10-089-001,741,433,0,433,0,2,431
10-089-002,765,349,0,348,-1,7,341
10-089-003,636,403,0,402,-1,7,395
10-090-001,819,479,0,478,-1,7,471
10-090-002,772,463,1,461,-2,10,451
10-091-001,838,573,0,574,1,24,550
10-092-001,654,434,0,434,0,12,422
10-092-002,581,397,0,397,0,5,392
10-092-003,187,120,0,120,0,1,119
10-093-001,178,101,0,101,0,1,100
10-093-002,305,206,0,206,0,3,203
10-094-001,373,272,0,271,-1,13,258
10-095-001,838,472,0,472,0,6,466
10-095-002,821,505,0,505,0,10,495
10-096-001,560,342,0,342,0,3,339
10-096-002,689,412,0,412,0,8,404
10-097-001,185,131,0,131,0,3,128
10-097-002,97,64,0,64,0,5,59
10-098-001,717,458,1,458,0,2,456
10-098-002,530,371,1,371,0,5,366
10-099-001,462,333,0,331,-2,15,316
10-100-001,542,379,0,379,0,16,363
10-100-002,645,426,0,424,-2,11,413
10-101-001,657,474,0,474,0,4,470
10-101-002,646,419,0,418,-1,4,414
10-102-001,1242,908,0,906,-2,25,881
10-103-001,198,134,0,134,0,3,131
10-104-001,586,339,0,338,-1,7,331
10-105-001,848,621,0,620,-1,20,600
10-106-001,951,596,0,595,-1,8,587
10-107-001,136,111,0,111,0,3,108
10-108-001,865,449,0,449,0,6,443
10-108-002,858,479,0,479,0,8,471
10-109-001,449,267,0,265,-2,1,264
10-110-001,176,122,0,122,0,5,117
10-111-001,795,495,0,495,0,7,488
10-111-002,814,526,0,526,0,15,511
10-112-001,388,287,0,287,0,6,281
10-113-001,618,334,0,334,0,1,333
10-113-002,818,353,0,352,-1,2,350
10-113-003,648,370,0,370,0,4,366
10-113-004,850,472,2,470,-2,5,465
10-114-001,483,318,0,318,0,5,313
10-115-001,996,589,1,589,0,9,580
10-116-001,876,425,0,424,-1,4,420
10-117-001,874,457,0,457,0,10,447
10-117-002,614,305,0,305,0,6,299
10-118-001,367,231,0,230,-1,4,226
10-119-001,321,237,0,237,0,5,232
10-120-001,519,400,0,400,0,4,396
10-121-001,796,440,0,439,-1,7,432
11-001-001,643,285,0,285,0,8,277
11-001-002,604,256,0,256,0,6,250
11-001-003,675,264,0,264,0,7,257
11-001-004,702,254,0,254,0,4,250
11-001-005,606,325,0,324,-1,13,311
11-002-001,633,400,0,400,0,7,393
11-002-002,957,535,0,533,-2,12,521
11-003-001,1097,711,0,710,-1,13,697
11-004-001,1020,575,0,575,0,13,562
11-004-002,819,509,0,509,0,8,501
11-004-003,818,478,0,478,0,9,469
11-005-001,968,507,0,506,-1,13,493
11-005-002,986,452,0,451,-1,11,440
11-005-003,823,414,0,414,0,13,401
11-005-004,190,48,0,48,0,2,46
11-006-001,250,195,0,195,0,0,195
11-007-001,1070,786,0,786,0,12,774
11-007-002,652,394,0,394,0,14,380
11-007-003,293,170,0,170,0,6,164
11-008-001,550,339,0,341,2,25,316
11-008-002,733,469,0,469,0,16,453
11-009-001,1107,564,0,564,0,11,553
11-009-002,1078,443,0,441,-2,12,429
11-009-003,1080,487,0,486,-1,15,471
11-009-004,1089,428,0,428,0,11,417
11-009-005,752,313,0,313,0,6,307
11-010-001,133,59,0,59,0,0,59
11-011-001,930,622,0,622,0,16,606
11-011-002,1049,631,0,628,-3,28,600
11-012-001,686,367,0,367,0,7,360
11-012-002,669,364,0,363,-1,5,358
11-012-003,730,453,0,453,0,14,439
11-012-004,668,411,0,411,0,12,399
11-013-001,921,588,0,587,-1,9,578
11-013-002,886,465,0,465,0,15,450
11-013-003,922,533,0,533,0,9,524
11-013-004,960,544,0,541,-3,4,537
11-013-005,807,521,0,521,0,4,517
11-013-006,968,530,0,529,-1,12,517
11-013-007,977,572,0,572,0,10,562
11-014-001,578,306,0,306,0,12,294
11-015-001,1027,526,0,526,0,12,514
11-015-002,1205,580,0,580,0,12,568
11-015-003,1316,638,0,633,-5,17,616
11-015-004,1153,575,0,574,-1,7,567
11-015-005,1300,568,0,567,-1,14,553
11-016-001,886,506,0,505,-1,8,497
11-016-002,964,652,0,651,-1,4,647
11-016-003,1074,697,0,697,0,17,680
11-016-004,1208,799,0,797,-2,9,788
11-016-005,935,630,0,632,2,28,604
11-016-006,932,555,0,555,0,11,544
11-016-007,1042,687,0,687,0,6,681
11-016-008,1018,673,1,672,-1,6,666
11-016-009,972,619,0,621,2,28,593
11-016-010,932,592,0,592,0,7,585
11-016-011,1026,636,0,636,0,10,626
11-016-012,1070,685,0,686,1,21,665
11-016-013,1083,683,0,683,0,14,669
11-016-014,960,611,0,611,0,7,604
11-016-015,1281,833,0,832,-1,8,824
11-016-016,927,553,0,553,0,11,542
11-016-017,916,615,0,615,0,16,599
11-016-018,914,578,0,577,-1,10,567
11-016-019,743,370,0,369,-1,7,362
11-016-020,699,330,0,330,0,7,323
11-016-021,728,260,0,260,0,10,250
11-017-001,719,439,0,438,-1,2,436
11-017-002,696,418,0,418,0,8,410
11-018-001,562,352,0,351,-1,9,342
11-018-002,587,346,0,346,0,13,333
11-018-003,586,380,0,379,-1,10,369
11-019-001,747,512,0,511,-1,26,485
11-019-002,660,446,0,447,1,38,409
11-020-001,901,408,0,408,0,13,395
11-020-002,972,430,0,430,0,11,419
11-020-003,948,410,0,410,0,7,403
11-020-004,928,429,0,429,0,10,419
11-020-005,893,523,0,521,-2,9,512
11-021-001,298,220,0,220,0,3,217
11-022-001,752,378,0,377,-1,8,369
11-022-002,822,400,1,399,-1,6,393
11-022-003,723,387,0,387,0,9,378
11-023-001,792,415,0,415,0,10,405
11-023-002,785,403,0,403,0,7,396
11-023-003,803,292,0,292,0,9,283
11-023-004,707,334,0,334,0,16,318
11-023-005,802,501,0,500,-1,16,484
11-024-001,683,305,0,304,-1,6,298
11-024-002,773,300,0,300,0,9,291
11-024-003,627,315,0,315,0,10,305
11-024-004,607,308,0,308,0,7,301
11-024-005,667,300,0,299,-1,12,287
11-024-006,689,336,0,335,-1,10,325
11-025-001,971,587,0,587,0,7,580
11-025-002,1076,606,0,604,-2,14,590
11-026-001,591,322,0,322,0,3,319
11-026-002,590,331,0,331,0,18,313
11-027-001,889,506,0,500,-6,6,494
11-027-002,723,367,0,365,-2,2,363
11-027-003,939,516,3,509,-7,3,506
11-027-004,933,500,0,500,0,3,497
11-027-005,842,483,0,483,0,2,481
11-027-006,975,377,0,377,0,7,370
11-027-007,849,493,0,493,0,7,486
11-027-008,832,436,0,436,0,5,431
11-027-009,916,572,0,572,0,9,563
11-027-010,1015,551,0,551,0,13,538
11-027-011,1006,515,0,515,0,9,506
11-027-012,1031,445,0,445,0,5,440
11-027-013,1038,484,0,483,-1,2,481
11-027-014,947,429,0,429,0,3,426
11-027-015,1011,412,0,412,0,7,405
11-027-016,1008,525,0,525,0,3,522
11-028-001,786,410,0,411,1,17,394
11-028-002,746,345,0,345,0,8,337
11-028-003,720,302,0,302,0,14,288
11-028-004,759,279,0,279,0,7,272
11-028-005,372,197,0,196,-1,5,191
11-029-001,683,362,0,362,0,14,348
11-029-002,588,319,0,318,-1,3,315
11-029-003,644,289,0,289,0,8,281
11-029-004,620,332,0,332,0,3,329
11-029-005,216,128,0,128,0,2,126
11-030-001,508,393,0,391,-2,11,380
11-031-001,1053,549,0,547,-2,12,535
11-031-002,1042,503,0,503,0,15,488
11-031-003,1192,548,0,542,-6,4,538
11-031-004,991,420,0,419,-1,7,412
11-031-005,1060,524,0,524,0,10,514
11-031-006,977,519,0,519,0,9,510
11-031-007,1018,561,0,561,0,15,546
11-031-008,1075,485,0,484,-1,5,479
11-032-001,605,384,0,384,0,10,374
11-032-002,578,320,0,319,-1,11,308
11-033-001,468,258,1,257,-1,1,256
11-034-001,832,466,0,466,0,8,458
11-034-002,657,367,0,367,0,17,350
11-034-003,674,373,0,373,0,4,369
11-034-004,959,595,0,595,0,6,589
11-034-005,858,424,0,420,-4,4,416
11-034-006,840,438,0,438,0,1,437
11-034-007,981,548,0,548,0,7,541
11-035-001,514,286,0,285,-1,9,276
11-035-002,541,328,0,328,0,11,317
11-035-003,553,329,0,328,-1,6,322
11-035-004,574,314,0,314,0,7,307
11-035-005,545,345,0,345,0,10,335
11-035-006,553,282,0,282,0,10,272
11-035-007,575,322,0,322,0,17,305
11-036-001,533,306,0,306,0,7,299
11-036-002,682,358,0,358,0,8,350
11-036-003,638,345,0,345,0,8,337
11-036-004,619,351,0,351,0,9,342
11-036-005,635,339,0,339,0,4,335
11-036-006,736,465,0,465,0,7,458
11-036-007,763,412,0,412,0,6,406
11-036-008,917,511,0,511,0,8,503
11-036-009,233,131,0,131,0,2,129
11-036-010,533,280,0,280,0,9,271
11-037-001,644,367,0,367,0,10,357
11-037-002,946,565,0,565,0,22,543
11-037-003,881,524,0,523,-1,7,516
11-037-004,809,504,0,504,0,11,493
11-037-005,705,415,0,415,0,14,401
11-037-006,966,631,0,631,0,11,620
11-038-001,580,404,0,403,-1,5,398
11-039-001,259,182,0,182,0,2,180
11-040-001,737,404,0,403,-1,8,395
11-040-002,836,426,0,426,0,2,424
11-040-003,839,508,0,509,1,20,489
11-040-004,880,494,0,494,0,8,486
11-040-005,882,472,0,472,0,9,463
11-040-006,846,392,0,391,-1,11,380
11-040-007,792,453,0,452,-1,5,447
11-040-008,775,466,0,466,0,7,459
11-040-009,803,452,0,451,-1,4,447
11-040-010,792,364,0,364,0,9,355
11-040-011,865,486,0,485,-1,9,476
11-040-012,772,399,0,399,0,3,396
11-040-013,765,411,0,409,-2,5,404
11-040-014,766,436,2,436,0,7,429
11-040-015,789,472,0,472,0,10,462
11-040-016,766,481,0,481,0,2,479
11-041-001,832,510,0,509,-1,5,504
11-042-001,624,352,0,351,-1,10,341
11-042-002,672,431,0,430,-1,14,416
11-043-001,550,336,0,333,-3,13,320
11-044-001,592,327,0,327,0,3,324
11-044-002,581,313,0,313,0,6,307
11-044-003,635,362,0,362,0,8,354
11-044-004,598,337,0,336,-1,6,330
11-045-001,394,240,0,240,0,12,228
11-045-002,399,287,0,287,0,5,282
11-046-001,1277,671,1,671,0,17,654
11-047-001,940,438,0,438,0,6,432
11-047-002,857,412,0,412,0,9,403
11-047-003,827,423,0,423,0,5,418
11-047-004,843,459,0,458,-1,7,451
11-047-005,866,388,0,387,-1,11,376
11-048-001,799,357,0,356,-1,11,345
11-048-002,742,363,0,362,-1,8,354
11-049-001,797,488,0,488,0,4,484
11-049-002,622,369,0,369,0,4,365
11-049-003,735,407,0,407,0,4,403
11-049-004,957,530,0,529,-1,9,520
11-050-001,775,521,0,520,-1,4,516
11-051-001,627,413,0,413,0,8,405
11-051-002,198,108,0,108,0,6,102
11-052-001,762,455,0,455,0,1,454
11-052-002,757,517,0,516,-1,1,515
11-052-003,1019,674,0,676,2,26,650
11-052-004,755,498,0,498,0,2,496
11-052-005,776,509,0,509,0,0,509
11-052-006,925,537,0,537,0,1,536
11-052-007,764,446,0,446,0,2,444
11-052-008,647,378,1,378,0,1,377
11-052-009,668,372,0,372,0,6,366
11-052-010,652,401,0,401,0,3,398
11-052-011,604,406,0,406,0,2,404
11-052-012,895,623,0,623,0,4,619
11-052-013,718,404,2,402,-2,4,398
11-052-014,638,388,0,388,0,1,387
11-052-015,923,508,0,507,-1,1,506
11-052-016,921,530,0,530,0,2,528
11-052-017,656,398,0,398,0,3,395
11-052-018,555,350,0,348,-2,0,348
11-052-019,746,461,0,461,0,3,458
11-052-020,739,316,0,316,0,1,315
11-052-021,693,385,0,385,0,3,382
11-052-022,533,309,0,308,-1,4,304
11-052-023,625,410,0,410,0,2,408
11-052-024,679,419,0,419,0,3,416
11-052-025,671,422,0,422,0,1,421
11-052-026,714,438,0,438,0,2,436
11-052-027,615,382,0,382,0,2,380
11-052-028,696,433,0,433,0,2,431
11-052-029,579,319,0,318,-1,2,316
11-052-030,956,510,2,510,0,13,497
11-052-031,656,431,0,431,0,2,429
11-052-032,539,260,0,260,0,2,258
11-052-033,773,421,0,421,0,5,416
11-052-034,671,344,0,344,0,2,342
11-052-035,683,341,0,341,0,2,339
11-052-036,721,375,0,376,1,11,365
11-052-037,688,371,0,370,-1,19,351
11-052-038,762,368,0,368,0,4,364
11-052-039,671,376,0,376,0,2,374
11-052-040,739,405,0,405,0,0,405
11-052-041,810,393,0,393,0,1,392
11-052-042,669,317,0,317,0,1,316
11-052-043,794,389,0,389,0,1,388
11-052-044,1115,769,0,768,-1,4,764
11-052-045,714,439,0,439,0,4,435
11-052-046,789,441,0,441,0,4,437
11-052-047,784,449,0,449,0,5,444
11-052-048,759,320,0,320,0,6,314
11-052-049,675,276,0,276,0,3,273
11-052-050,786,393,0,391,-2,6,385
11-052-051,1125,465,0,464,-1,6,458
11-052-052,663,270,0,270,0,1,269
11-052-053,717,335,0,334,-1,1,333
11-052-054,926,527,0,527,0,3,524
11-052-055,757,427,0,429,2,25,404
11-052-056,962,648,0,648,0,2,646
11-052-057,789,410,0,410,0,7,403
11-052-058,755,471,0,471,0,2,469
11-052-059,921,604,0,604,0,3,601
11-052-060,936,593,0,593,0,5,588
11-052-061,676,445,0,445,0,0,445
11-052-062,828,529,0,529,0,0,529
11-052-063,963,635,0,636,1,15,621
11-052-064,930,614,0,611,-3,4,607
11-052-065,804,515,0,515,0,5,510
11-052-066,804,493,0,493,0,5,488
11-052-067,862,535,0,535,0,4,531
11-052-068,822,510,0,510,0,4,506
11-052-069,920,554,0,554,0,11,543
11-052-070,926,547,0,547,0,2,545
11-053-001,609,504,0,502,-2,4,498
11-053-002,713,584,0,584,0,4,580
11-054-001,1010,746,0,746,0,11,735
11-054-002,920,722,0,718,-4,5,713
11-055-001,858,479,0,479,0,20,459
11-056-001,994,453,0,453,0,9,444
11-056-002,1072,417,0,416,-1,7,409
11-056-003,1053,624,0,623,-1,11,612
11-056-004,1015,504,0,501,-3,7,494
11-056-005,1120,477,0,477,0,11,466
11-056-006,1085,459,0,459,0,11,448
11-056-007,997,486,0,486,0,14,472
11-056-008,1036,391,0,391,0,6,385
11-057-001,565,326,0,325,-1,8,317
11-057-002,1062,531,1,530,-1,7,523
11-057-003,1175,598,0,598,0,19,579
11-057-004,1111,506,0,506,0,14,492
11-057-005,1127,580,0,579,-1,10,569
11-057-006,1110,668,0,668,0,8,660
11-057-007,979,514,0,514,0,7,507
11-057-008,1062,489,0,488,-1,9,479
11-057-009,107,42,0,42,0,3,39
11-057-010,421,223,0,223,0,2,221
11-058-001,780,493,0,492,-1,31,461
11-059-001,543,313,0,312,-1,7,305
11-060-001,306,222,0,222,0,10,212
11-061-001,822,501,0,501,0,14,487
11-061-002,408,249,0,249,0,4,245
11-062-001,892,539,0,539,0,15,524
11-062-002,145,62,0,62,0,1,61
11-063-001,1036,616,1,617,1,28,589
11-064-001,758,448,1,447,-1,14,433
11-064-002,847,451,0,451,0,17,434
11-065-001,641,419,0,419,0,21,398
11-065-002,699,434,0,434,0,3,431
11-066-001,859,499,0,498,-1,16,482
11-067-001,582,358,0,358,0,8,350
11-067-002,556,333,0,333,0,11,322
11-068-001,659,407,0,407,0,6,401
11-068-002,648,406,0,406,0,9,397
11-068-003,191,101,0,101,0,5,96
11-069-001,689,410,0,410,0,17,393
11-069-002,610,363,0,359,-4,13,346
11-070-001,1056,668,0,668,0,8,660
11-070-002,215,111,0,111,0,1,110
11-071-001,538,266,0,266,0,6,260
11-072-001,884,375,0,374,-1,4,370
11-072-002,1072,524,0,524,0,4,520
11-072-003,836,383,0,383,0,6,377
11-072-004,814,398,0,398,0,9,389
11-073-001,1000,527,0,527,0,7,520
11-073-002,898,551,0,551,0,8,543
11-073-003,1083,613,0,613,0,4,609
11-073-004,994,488,0,488,0,7,481
11-073-005,1120,467,0,467,0,3,464
11-073-006,1115,514,0,513,-1,10,503
11-073-007,644,392,0,392,0,3,389
11-073-008,658,389,0,389,0,2,387
11-073-009,638,386,0,385,-1,2,383
11-073-010,781,417,1,415,-2,4,411
11-073-011,995,503,0,502,-1,9,493
11-073-012,673,303,0,301,-2,9,292
11-073-013,522,236,1,235,-1,8,227
11-073-014,747,270,1,271,1,17,254
11-073-015,1024,409,0,407,-2,2,405
11-073-016,998,437,0,437,0,6,431
11-073-017,1027,528,0,524,-4,5,519
11-073-018,1019,504,0,505,1,16,489
11-074-001,671,324,0,321,-3,16,305
11-074-002,725,395,0,395,0,12,383
11-074-003,624,342,0,340,-2,2,338
11-074-004,638,357,0,357,0,8,349
11-074-005,653,412,0,412,0,12,400
11-074-006,621,369,0,369,0,9,360
11-074-007,681,373,0,373,0,6,367
11-074-008,691,327,0,327,0,10,317
11-074-009,686,379,0,379,0,7,372
11-074-010,696,331,0,330,-1,7,323
11-075-001,890,383,0,383,0,10,373
11-075-002,817,367,0,368,1,15,353
11-075-003,708,369,0,369,0,7,362
11-075-004,768,410,0,410,0,6,404
11-075-005,818,394,0,394,0,2,392
11-075-006,832,373,0,373,0,13,360
11-076-001,493,335,0,335,0,9,326
11-077-001,559,249,0,249,0,3,246
11-077-002,617,275,0,275,0,7,268
11-077-003,625,302,0,299,-3,8,291
11-077-004,581,274,0,274,0,8,266
11-077-005,444,230,0,230,0,6,224
11-078-001,1144,667,0,668,1,25,643
12-001-001,215,165,0,163,-2,5,158
12-002-001,574,375,0,375,0,6,369
12-002-002,547,351,0,351,0,9,342
12-002-003,559,258,0,258,0,5,253
12-003-001,725,291,0,292,1,15,277
12-004-001,761,394,0,394,0,10,384
12-004-002,701,385,0,385,0,10,375
12-004-003,742,448,0,448,0,11,437
12-004-004,639,330,0,330,0,16,314
12-004-005,635,359,1,359,0,11,348
12-004-006,682,398,0,401,3,34,367
12-004-007,739,387,0,387,0,9,378
12-004-008,699,356,0,355,-1,9,346
12-005-001,556,279,0,279,0,6,273
12-006-001,696,408,0,408,0,5,403
12-006-002,658,416,0,414,-2,5,409
12-006-003,955,554,0,554,0,5,549
12-007-001,802,418,0,418,0,3,415
12-007-002,729,354,0,354,0,4,350
12-008-001,1264,700,0,697,-3,11,686
12-009-001,338,195,0,195,0,3,192
12-010-001,780,581,0,580,-1,14,566
12-011-001,553,305,0,305,0,0,305
12-011-002,564,353,0,353,0,12,341
12-012-001,655,407,0,405,-2,7,398
12-012-002,598,379,0,379,0,5,374
12-013-001,755,529,0,529,0,4,525
12-013-002,614,363,0,363,0,4,359
12-013-003,659,365,0,365,0,7,358
12-013-004,725,466,0,466,0,3,463
12-014-001,618,318,0,318,0,17,301
12-015-001,878,508,0,507,-1,2,505
12-015-002,873,436,0,436,0,8,428
12-016-001,198,139,0,139,0,2,137
12-017-001,624,362,0,362,0,9,353
12-017-002,836,423,0,423,0,12,411
12-018-001,340,211,0,211,0,1,210
12-019-001,281,174,0,174,0,5,169
12-020-001,972,560,0,560,0,5,555
12-020-002,748,416,0,416,0,9,407
12-020-003,846,476,0,476,0,13,463
12-021-001,830,580,0,580,0,6,574
12-022-001,767,466,0,466,0,4,462
12-023-001,983,536,0,536,0,5,531
12-023-002,1064,615,0,614,-1,10,604
12-023-003,1100,630,0,630,0,11,619
12-023-004,683,324,0,324,0,1,323
12-023-005,666,377,0,377,0,2,375
12-023-006,649,310,0,310,0,1,309
12-023-007,697,349,0,349,0,2,347
12-023-008,1191,576,0,576,0,2,574
12-023-009,926,452,0,452,0,5,447
12-023-010,1167,541,0,540,-1,3,537
12-024-001,950,475,0,475,0,6,469
12-025-001,710,399,0,399,0,5,394
12-025-002,662,363,0,363,0,3,360
12-026-001,422,291,0,291,0,8,283
12-027-001,505,369,0,369,0,4,365
12-028-001,744,458,0,456,-2,1,455
12-028-002,810,567,3,568,1,13,555
12-028-003,752,490,0,490,0,0,490
12-028-004,1262,703,0,702,-1,1,701
12-028-005,1134,751,0,751,0,4,747
12-028-006,959,544,0,544,0,6,538
12-028-007,977,633,0,632,-1,6,626
12-028-008,599,384,0,384,0,1,383
12-028-009,665,446,0,446,0,5,441
12-028-010,622,372,0,372,0,2,370
12-028-011,685,430,0,430,0,2,428
12-028-012,1005,354,0,354,0,0,354
12-028-013,693,387,0,387,0,0,387
12-028-014,823,441,0,441,0,0,441
12-028-015,881,485,0,484,-1,4,480
12-028-016,647,379,0,378,-1,2,376
12-028-017,1060,542,0,542,0,3,539
12-028-018,1111,684,0,683,-1,4,679
12-028-019,750,435,0,435,0,3,432
12-028-020,1034,636,0,636,0,3,633
12-028-021,240,134,0,134,0,2,132
12-028-022,671,251,0,251,0,5,246
12-028-023,970,482,0,482,0,0,482
12-028-024,731,392,0,391,-1,3,388
12-028-025,834,377,0,375,-2,0,375
12-028-026,890,371,0,371,0,3,368
12-028-027,728,222,0,222,0,0,222
12-029-001,478,341,0,341,0,9,332
12-030-001,1205,696,0,696,0,17,679
12-031-001,901,457,0,455,-2,7,448
12-032-001,874,477,0,477,0,8,469
12-032-002,755,501,501,501,0,5,496
12-033-001,535,337,0,337,0,13,324
12-034-001,695,403,0,403,0,3,400
12-034-002,744,455,0,455,0,8,447
12-034-003,776,398,0,398,0,7,391
12-035-001,907,567,0,567,0,8,559
12-035-002,816,565,0,565,0,5,560
12-035-003,769,485,0,486,1,19,467
12-035-004,771,494,0,494,0,3,491
12-035-005,787,482,0,482,0,13,469
12-035-006,361,220,0,220,0,4,216
12-036-001,387,191,0,191,0,6,185
12-037-001,1052,658,0,658,0,18,640
12-037-002,1119,745,0,745,0,12,733
12-038-001,414,226,0,226,0,4,222
12-038-002,979,536,0,536,0,2,534
12-038-003,589,369,0,369,0,3,366
12-038-004,903,473,1,472,-1,4,468
12-038-005,1008,582,0,581,-1,4,577
12-038-006,851,496,0,496,0,4,492
12-038-007,792,490,0,490,0,10,480
12-038-008,1018,667,0,667,0,2,665
12-038-009,675,353,0,353,0,2,351
12-038-010,1395,886,0,886,0,8,878
12-038-011,524,250,0,250,0,7,243
12-038-012,785,447,0,447,0,2,445
12-038-013,780,436,0,436,0,3,433
12-038-014,817,396,0,396,0,4,392
12-038-015,1164,624,0,626,2,25,601
12-038-016,1225,751,0,751,0,4,747
12-038-017,814,488,0,488,0,5,483
12-039-001,862,392,0,392,0,15,377
12-040-001,927,587,0,586,-1,8,578
12-040-002,900,565,0,564,-1,4,560
12-040-003,926,433,0,433,0,7,426
12-040-004,1049,445,0,444,-1,8,436
12-041-001,706,335,0,335,0,5,330
12-041-002,796,412,0,412,0,12,400
12-041-003,703,329,1,328,-1,5,323
12-041-004,958,559,0,559,0,9,550
12-041-005,805,467,0,466,-1,8,458
12-042-001,718,469,0,469,0,11,458
12-042-002,740,432,0,431,-1,5,426
12-043-001,536,375,0,375,0,13,362
12-044-001,876,535,0,535,0,15,520
12-044-002,869,570,0,570,0,10,560
12-045-001,703,460,0,459,-1,7,452
12-046-001,664,372,0,372,0,9,363
12-046-002,686,363,0,363,0,6,357
12-046-003,846,486,0,485,-1,5,480
12-046-004,112,45,0,45,0,2,43
12-047-001,1215,650,0,650,0,14,636
12-048-001,1095,551,0,551,0,9,542
12-048-002,863,410,0,410,0,2,408
12-049-001,579,374,0,374,0,5,369
12-049-002,514,331,0,331,0,5,326
12-050-001,739,292,0,291,-1,3,288
12-050-002,917,569,0,569,0,10,559
12-050-003,978,587,0,586,-1,3,583
12-050-004,959,613,0,613,0,6,607
12-050-005,846,492,0,492,0,5,487
12-050-006,693,352,0,352,0,3,349
12-050-007,659,351,0,351,0,5,346
12-051-001,949,507,0,507,0,6,501
12-051-002,867,455,0,455,0,8,447
12-051-003,931,483,0,481,-2,3,478
12-051-004,1051,456,0,456,0,6,450
12-051-005,884,390,0,391,1,16,375
12-051-006,725,326,0,326,0,6,320
12-051-007,888,386,0,386,0,43,343
12-051-008,835,352,0,351,-1,8,343
12-051-009,769,387,0,387,0,6,381
12-051-010,779,390,0,390,0,3,387
12-051-011,845,435,0,434,-1,3,431
12-051-012,736,316,0,316,0,3,313
12-051-013,872,418,0,417,-1,5,412
12-051-014,913,518,0,518,0,2,516
12-051-015,907,563,0,561,-2,3,558
12-051-016,1052,510,0,510,0,13,497
12-052-001,1079,526,0,525,-1,5,520
12-052-002,985,587,0,587,0,5,582
12-053-001,879,501,0,501,0,7,494
12-053-002,847,514,0,514,0,8,506
12-054-001,1051,739,0,738,-1,12,726
12-055-001,740,367,0,367,0,4,363
12-055-002,758,348,0,347,-1,3,344
12-055-003,793,359,0,359,0,5,354
12-056-001,495,226,0,226,0,5,221
12-056-002,491,229,0,229,0,4,225
12-057-001,761,467,0,466,-1,8,458
12-057-002,860,602,0,599,-3,1,598
12-058-001,1197,664,0,664,0,9,655
12-059-001,930,615,0,615,0,6,609
12-059-002,1057,721,0,706,-15,9,697
12-060-001,921,600,0,599,-1,10,589
12-061-001,886,527,0,527,0,6,521
12-061-002,958,561,0,561,0,6,555
12-062-001,1340,749,0,749,0,5,744
12-063-001,943,644,0,643,-1,7,636
12-063-002,1100,795,0,795,0,9,786
12-063-003,103,58,0,58,0,1,57
12-064-001,888,510,0,510,0,1,509
12-064-002,846,588,0,588,0,1,587
12-064-003,803,482,0,482,0,2,480
12-064-004,1210,805,0,805,0,7,798
12-064-005,1304,812,0,812,0,4,808
12-064-006,980,621,0,621,0,4,617
12-064-007,977,636,0,635,-1,3,632
12-064-008,1059,681,0,681,0,12,669
12-064-009,990,603,0,603,0,3,600
12-064-010,1059,744,0,744,0,9,735
12-064-011,1039,742,0,742,0,2,740
12-064-012,1059,691,0,691,0,7,684
12-064-013,1061,627,0,626,-1,3,623
12-064-014,701,447,0,446,-1,3,443
12-064-015,812,586,0,586,0,4,582
12-064-016,779,491,0,491,0,5,486
12-064-017,1118,612,0,610,-2,7,603
12-064-018,964,652,0,652,0,2,650
12-064-019,471,302,0,302,0,0,302
12-065-001,1007,577,0,577,0,0,577
12-065-002,1189,638,0,638,0,2,636
12-065-003,565,219,1,219,0,2,217
12-065-004,454,115,0,115,0,4,111
12-065-005,755,261,0,261,0,9,252
12-065-006,831,372,0,372,0,6,366
12-065-007,838,434,0,434,0,2,432
12-065-008,1068,559,0,559,0,4,555
12-065-009,950,609,1,607,-2,0,607
12-065-010,1096,667,0,667,0,1,666
12-065-011,935,563,0,563,0,4,559
12-065-012,900,519,0,519,0,4,515
12-065-013,813,411,0,408,-3,3,405
12-065-014,845,431,0,430,-1,1,429
12-065-015,1097,593,0,593,0,4,589
12-065-016,1120,685,0,684,-1,5,679
12-065-017,1092,682,0,682,0,4,678
12-065-018,1087,711,0,710,-1,5,705
12-065-019,784,409,0,409,0,3,406
12-065-020,801,484,0,489,5,47,442
12-065-021,854,459,0,448,-11,4,444
12-065-022,798,481,0,480,-1,2,478
12-065-023,781,429,0,429,0,3,426
12-065-024,566,388,0,388,0,5,383
12-065-025,667,386,0,386,0,3,383
12-065-026,783,427,0,427,0,6,421
12-065-027,931,435,3,431,-4,1,430
12-065-028,795,383,0,383,0,1,382
12-065-029,1575,446,0,446,0,3,443
12-065-030,820,427,1,426,-1,1,425
12-065-031,772,423,0,423,0,4,419
12-065-032,747,411,0,411,0,2,409
12-065-033,959,455,0,455,0,0,455
12-065-034,858,449,3,447,-2,3,444
12-065-035,781,376,0,375,-1,2,373
12-065-036,741,400,0,400,0,3,397
12-065-037,861,446,0,445,-1,3,442
12-065-038,1130,496,0,496,0,3,493
12-065-039,814,384,0,384,0,2,382
12-065-040,825,454,0,454,0,6,448
12-065-041,718,360,0,360,0,3,357
12-065-042,726,413,0,413,0,2,411
12-065-043,829,452,0,452,0,1,451
12-065-044,796,391,0,393,2,21,372
12-065-045,765,454,1,454,0,2,452
12-065-046,920,515,0,515,0,2,513
12-065-047,764,456,0,456,0,0,456
12-065-048,875,420,0,420,0,0,420
12-065-049,888,484,0,484,0,0,484
12-065-050,791,422,0,421,-1,0,421
12-065-051,820,464,0,464,0,2,462
12-065-052,1306,733,1,730,-3,4,726
12-065-053,918,306,0,306,0,6,300
12-065-054,904,352,0,352,0,3,349
12-065-055,1009,478,0,478,0,1,477
12-065-056,955,547,0,546,-1,2,544
12-065-057,1047,675,0,674,-1,1,673
12-065-058,1084,664,0,664,0,7,657
12-065-059,806,350,0,350,0,7,343
12-066-001,992,578,0,578,0,6,572
12-066-002,181,106,0,106,0,2,104
12-067-001,640,389,0,389,0,5,384
12-067-002,935,529,0,529,0,5,524
12-067-003,741,389,0,388,-1,3,385
12-067-004,750,408,0,408,0,0,408
12-067-005,701,359,0,359,0,8,351
12-067-006,615,351,0,351,0,1,350
12-068-001,197,71,0,71,0,2,69
12-068-002,729,397,0,397,0,7,390
12-068-003,721,432,0,432,0,6,426
12-068-004,722,365,0,365,0,3,362
12-068-005,1005,512,0,512,0,7,505
12-069-001,812,340,0,337,-3,6,331
12-069-002,783,375,0,371,-4,1,370
12-069-003,679,377,0,375,-2,6,369
12-070-001,615,426,0,426,0,4,422
12-071-001,524,383,0,383,0,8,375
12-072-001,490,268,0,267,-1,4,263
12-073-001,1165,781,0,779,-2,6,773
12-074-001,879,544,0,543,-1,7,536
12-074-002,1054,399,1,398,-1,12,386
12-074-003,901,587,0,586,-1,8,578
12-075-001,455,278,0,278,0,5,273
12-076-001,753,398,0,398,0,10,388
12-076-002,642,347,0,347,0,8,339
13-001-001,488,276,0,276,0,2,274
13-002-001,200,168,0,168,0,2,166
13-003-001,743,463,1,463,0,6,457
13-003-002,770,427,0,426,-1,9,417
13-003-003,781,472,0,472,0,1,471
13-003-004,670,375,0,374,-1,4,370
13-003-005,745,476,0,476,0,5,471
13-003-006,758,467,0,467,0,10,457
13-003-007,701,400,0,400,0,1,399
13-003-008,742,381,0,381,0,2,379
13-003-009,659,432,0,432,0,4,428
13-003-010,740,336,0,335,-1,7,328
13-003-011,632,377,0,377,0,5,372
13-003-012,824,521,0,520,-1,3,517
13-003-013,717,466,0,465,-1,2,463
13-003-014,732,451,0,451,0,1,450
13-003-015,656,410,0,409,-1,3,406
13-003-016,724,444,0,443,-1,4,439
13-004-001,630,484,0,484,0,6,478
13-005-001,770,386,0,386,0,5,381
13-006-001,1132,579,0,579,0,11,568
13-006-002,1130,599,0,598,-1,13,585
13-006-003,1125,567,0,567,0,7,560
13-006-004,1021,542,0,542,0,13,529
13-006-005,1141,696,0,695,-1,8,687
13-006-006,1215,614,0,614,0,7,607
13-006-007,1161,586,0,586,0,5,581
13-006-008,1256,598,0,598,0,7,591
13-007-001,430,336,0,336,0,12,324
13-008-001,613,365,0,365,0,6,359
13-008-002,715,420,0,420,0,8,412
13-009-001,626,488,1,487,-1,12,475
13-010-001,306,227,0,226,-1,7,219
13-011-001,89,64,0,64,0,4,60
13-012-001,760,483,0,483,0,15,468
13-013-001,813,502,0,502,0,12,490
13-013-002,781,444,0,444,0,12,432
13-014-001,819,477,0,477,0,10,467
13-015-001,293,196,0,196,0,6,190
13-016-001,606,392,0,392,0,8,384
13-017-001,112,94,0,94,0,6,88
13-018-001,261,207,0,207,0,4,203
13-019-001,701,437,0,437,0,7,430
13-020-001,298,175,0,175,0,6,169
13-021-001,82,65,0,65,0,0,65
13-022-001,1095,554,0,553,-1,7,546
13-023-001,729,396,0,396,0,3,393
13-023-002,782,435,0,435,0,7,428
13-023-003,809,467,0,466,-1,6,460
13-024-001,471,338,0,336,-2,9,327
13-024-002,325,215,0,215,0,6,209
13-025-001,1097,569,0,569,0,11,558
13-026-001,894,675,0,675,0,29,646
13-027-001,335,226,0,226,0,2,224
13-028-001,531,304,2,302,-2,9,293
13-029-001,873,314,1,314,0,2,312
13-030-001,428,316,0,316,0,7,309
13-031-001,430,233,0,233,0,9,224
13-032-001,695,429,0,429,0,4,425
13-032-002,111,52,0,52,0,0,52
13-032-003,208,97,0,97,0,2,95
13-033-001,687,404,0,404,0,6,398
13-033-002,837,481,0,480,-1,9,471
13-033-003,608,380,0,380,0,5,375
13-033-004,710,467,0,467,0,11,456
13-034-001,478,348,0,348,0,4,344
13-035-001,119,83,0,83,0,6,77
13-036-001,499,334,0,334,0,4,330
13-037-001,37,27,0,27,0,2,25
13-038-001,462,338,0,337,-1,11,326
13-039-001,793,383,0,383,0,12,371
13-040-001,286,227,0,227,0,5,222
13-041-001,386,251,0,251,0,5,246
13-042-001,145,108,0,108,0,4,104
13-043-001,640,472,0,472,0,14,458
13-044-001,125,79,0,79,0,0,79
13-045-001,344,252,0,252,0,6,246
13-046-001,640,361,0,361,0,13,348
13-047-001,819,462,0,462,0,11,451
13-047-002,725,445,0,446,1,21,425
13-048-001,616,370,0,370,0,6,364
13-048-002,557,325,0,325,0,3,322
13-049-001,665,443,0,443,0,10,433
13-050-001,622,312,0,312,0,5,307
13-050-002,569,307,0,306,-1,2,304
13-050-003,183,116,0,116,0,3,113
13-051-001,636,373,0,373,0,12,361
13-051-002,697,427,0,427,0,3,424
13-051-003,638,429,0,428,-1,9,419
13-052-001,908,494,1,493,-1,3,490
13-053-001,564,307,0,307,0,10,297
13-053-002,586,326,0,326,0,7,319
13-053-003,243,101,0,101,0,4,97
13-054-001,1097,671,0,650,-21,12,638
13-055-001,588,369,0,369,0,7,362
13-056-001,398,270,0,270,0,6,264
13-057-001,342,250,0,250,0,3,247
13-058-001,138,120,0,121,1,10,111
13-059-001,175,127,0,127,0,4,123
13-060-001,445,270,0,270,0,4,266
13-061-001,138,118,0,118,0,1,117
13-062-001,83,70,0,70,0,6,64
13-063-001,383,257,0,257,0,2,255
13-064-001,593,423,0,423,0,11,412
13-065-001,474,340,0,340,0,9,331
13-066-001,642,342,0,343,1,16,327
13-066-002,381,240,0,240,0,5,235
13-067-001,451,248,0,248,0,5,243
13-067-002,134,44,0,44,0,0,44
13-068-001,901,644,0,644,0,12,632
13-069-001,180,151,0,151,0,3,148
13-070-001,608,396,0,397,1,18,379
13-071-001,879,557,0,557,0,7,550
13-071-002,434,250,1,249,-1,8,241
13-072-001,750,467,0,467,0,13,454
13-073-001,1197,761,0,760,-1,18,742
13-074-001,879,436,0,436,0,25,411
13-074-002,500,267,0,266,-1,9,257
13-075-001,615,355,0,355,0,11,344
13-075-002,557,250,0,249,-1,9,240
13-075-003,224,124,1,124,0,0,124
13-076-001,456,254,0,251,-3,2,249
13-077-001,711,468,0,467,-1,11,456
13-078-001,478,368,0,368,0,3,365
13-079-001,195,125,0,125,0,2,123
13-080-001,538,370,0,370,0,10,360
13-080-002,513,358,0,358,0,12,346
13-080-003,53,38,0,38,0,0,38
13-081-001,746,397,0,394,-3,3,391
13-081-002,783,464,0,463,-1,15,448
13-082-001,583,395,0,395,0,5,390
13-083-001,1009,763,0,762,-1,13,749
13-084-001,782,560,0,560,0,9,551
13-084-002,521,379,0,379,0,2,377
13-085-001,495,367,0,367,0,14,353
13-086-001,355,252,0,252,0,2,250
13-087-001,639,466,0,466,0,26,440
13-087-002,649,462,0,462,0,24,438
13-088-001,756,535,0,535,0,11,524
13-089-001,584,440,0,439,-1,10,429
13-090-001,424,234,0,234,0,6,228
13-091-001,993,717,0,716,-1,8,708
13-092-001,824,478,0,477,-1,10,467
13-093-001,260,206,1,205,-1,2,203
13-094-001,671,428,0,427,-1,10,417
13-094-002,657,440,0,440,0,7,433
13-095-001,698,497,0,497,0,6,491
13-096-001,592,354,0,354,0,8,346
13-097-001,927,548,0,548,0,9,539
13-097-002,939,494,1,492,-2,12,480
13-097-003,654,408,0,407,-1,4,403
13-097-004,701,396,0,396,0,5,391
13-097-005,974,547,0,547,0,6,541
13-097-006,911,497,0,497,0,6,491
13-097-007,1037,665,0,665,0,2,663
13-097-008,744,444,0,444,0,10,434
13-097-009,293,198,0,198,0,0,198
13-098-001,457,342,0,342,0,5,337
13-099-001,155,128,0,128,0,4,124
13-100-001,1090,684,0,684,0,6,678
13-100-002,1015,658,0,656,-2,13,643
13-101-001,579,275,0,275,0,7,268
13-101-002,625,388,0,388,0,5,383
13-102-001,892,540,0,539,-1,6,533
13-102-002,875,455,0,455,0,6,449
13-103-001,800,485,0,483,-2,3,480
13-103-002,652,384,0,384,0,1,383
13-103-003,806,453,0,453,0,1,452
13-103-004,676,411,0,410,-1,1,409
13-103-005,798,485,0,485,0,4,481
13-103-006,675,393,0,393,0,3,390
13-103-007,696,390,0,390,0,3,387
13-103-008,497,235,0,235,0,2,233
13-103-009,204,80,0,80,0,0,80
13-103-010,199,120,0,120,0,2,118
13-103-011,105,43,0,43,0,1,42
13-103-012,104,63,0,63,0,1,62
13-103-013,662,341,0,341,0,2,339
13-103-014,741,360,0,360,0,4,356
13-103-015,541,227,0,227,0,3,224
13-103-016,1008,419,0,419,0,5,414
13-103-017,764,517,1,516,-1,3,513
13-103-018,1030,581,0,581,0,2,579
13-103-019,992,562,0,562,0,2,560
13-103-020,827,556,0,556,0,0,556
13-103-021,727,444,0,444,0,1,443
13-103-022,1080,573,0,573,0,7,566
13-103-023,757,412,0,412,0,6,406
13-103-024,689,292,0,292,0,2,290
13-103-025,867,421,0,420,-1,5,415
13-103-026,811,435,0,435,0,5,430
13-103-027,698,354,0,354,0,2,352
13-103-028,611,351,0,351,0,2,349
13-103-029,617,404,0,404,0,1,403
13-103-030,672,266,0,265,-1,2,263
13-103-031,646,301,0,301,0,9,292
13-103-032,930,394,0,394,0,2,392
13-103-033,978,463,0,463,0,7,456
13-103-034,886,313,0,312,-1,6,306
13-103-035,1201,579,0,581,2,23,558
13-103-036,854,385,0,385,0,3,382
13-103-037,759,393,0,393,0,4,389
13-104-001,731,255,0,255,0,2,253
13-105-001,206,174,0,174,0,6,168
13-106-001,625,330,0,330,0,15,315
13-107-001,362,209,0,208,-1,7,201
13-108-001,335,238,0,238,0,4,234
13-108-002,140,107,0,107,0,1,106
13-109-001,334,238,0,238,0,6,232
13-110-001,359,233,0,233,0,11,222
13-111-001,707,504,0,503,-1,6,497
13-111-002,608,351,0,351,0,4,347
13-112-001,241,169,0,169,0,3,166
13-113-001,168,128,0,128,0,2,126
13-114-001,988,646,0,646,0,23,623
13-114-002,1013,674,0,674,0,6,668
13-114-003,1042,681,0,679,-2,14,665
13-114-004,1026,652,0,648,-4,8,640
13-114-005,151,96,0,96,0,3,93
13-114-006,211,134,0,134,0,5,129
13-115-001,335,204,0,204,0,4,200
13-116-001,196,140,0,140,0,6,134
13-117-001,795,511,0,510,-1,18,492
13-118-001,403,231,0,231,0,2,229
13-118-002,62,39,0,39,0,0,39
13-119-001,862,480,0,480,0,6,474
13-119-002,646,301,0,301,0,4,297
13-120-001,597,447,0,446,-1,13,433
13-120-002,528,410,0,410,0,3,407
13-121-001,798,432,0,432,0,8,424
13-121-002,689,434,0,434,0,9,425
13-122-001,574,342,0,342,0,10,332
13-123-001,286,207,0,208,1,12,196
13-124-001,610,445,0,445,0,8,437
13-125-001,961,570,0,570,0,13,557
13-126-001,545,302,0,302,0,6,296
13-126-002,685,396,0,396,0,7,389
13-127-001,995,510,0,510,0,6,504
13-128-001,321,206,0,206,0,3,203
13-129-001,485,335,0,334,-1,15,319
13-130-001,454,323,0,323,0,5,318
13-131-001,966,539,0,539,0,11,528
13-131-002,815,460,0,460,0,9,451
14-001-001,738,246,0,246,0,4,242
14-001-002,753,365,0,365,0,5,360
14-001-003,735,308,0,307,-1,0,307
14-001-004,686,311,0,309,-2,3,306
14-001-005,691,331,0,331,0,5,326
14-001-006,713,362,0,362,0,5,357
14-001-007,738,363,0,363,0,6,357
14-001-008,736,368,0,368,0,7,361
14-001-009,711,310,0,310,0,1,309
14-001-010,789,388,0,388,0,1,387
14-001-011,733,410,0,407,-3,12,395
14-001-012,673,366,0,366,0,4,362
14-001-013,709,375,0,375,0,1,374
14-001-014,719,334,0,334,0,4,330
14-001-015,721,374,0,374,0,5,369
14-001-016,693,367,1,368,1,13,355
14-002-001,1096,643,0,639,-4,14,625
14-003-001,593,421,0,421,0,7,414
14-003-002,661,430,0,434,4,42,392
14-003-003,734,402,0,401,-1,5,396
14-003-004,667,404,0,402,-2,1,401
14-003-005,773,496,0,496,0,2,494
14-003-006,687,404,0,405,1,13,392
14-003-007,796,444,0,442,-2,2,440
14-003-008,711,390,0,390,0,3,387
14-003-009,675,402,0,401,-1,3,398
14-003-010,634,314,0,313,-1,4,309
14-003-011,619,378,0,378,0,5,373
14-003-012,682,381,0,379,-2,5,374
14-003-013,681,385,0,384,-1,3,381
14-003-014,653,416,0,416,0,5,411
14-003-015,625,384,0,384,0,8,376
14-003-016,657,390,0,390,0,7,383
14-004-001,827,478,0,478,0,5,473
14-004-002,770,435,0,435,0,5,430
14-004-003,819,498,0,498,0,7,491
14-004-004,700,460,0,461,1,14,447
14-004-005,1132,693,1,692,-1,5,687
14-005-001,905,524,0,524,0,3,521
14-006-001,740,422,1,421,-1,6,415
14-006-002,756,500,0,500,0,9,491
14-006-003,842,504,0,504,0,9,495
14-006-004,791,508,0,508,0,3,505
14-006-005,911,590,0,590,0,4,586
14-006-006,882,501,0,501,0,5,496
14-007-001,1003,529,0,527,-2,4,523
14-008-001,760,445,0,445,0,5,440
14-008-002,737,373,0,373,0,5,368
14-008-003,840,451,0,451,0,14,437
14-008-004,699,395,0,395,0,5,390
14-009-001,659,421,0,421,0,4,417
14-010-001,1021,651,0,651,0,8,643
14-011-001,874,497,0,497,0,5,492
14-011-002,634,415,0,415,0,3,412
14-011-003,642,379,0,379,0,0,379
14-011-004,675,453,0,452,-1,4,448
14-011-005,784,551,0,550,-1,3,547
14-011-006,724,517,0,517,0,2,515
14-011-007,724,505,0,506,1,14,492
14-011-008,772,599,0,600,1,13,587
14-011-009,695,466,0,466,0,3,463
14-011-010,684,439,0,439,0,6,433
14-011-011,758,513,0,513,0,1,512
14-011-012,639,468,0,468,0,2,466
14-011-013,673,457,0,457,0,0,457
14-011-014,620,394,0,394,0,1,393
14-011-015,838,348,0,347,-1,0,347
14-011-016,607,362,0,362,0,2,360
14-012-001,968,730,0,730,0,8,722
14-012-002,893,656,0,656,0,7,649
14-013-001,1167,757,0,763,6,63,700
14-013-002,1146,744,2,744,0,8,736
14-013-003,1145,797,0,796,-1,4,792
14-013-004,1125,737,0,737,0,6,731
14-013-005,1197,817,0,817,0,4,813
14-013-006,1162,907,0,907,0,11,896
14-013-007,1138,830,0,830,0,6,824
14-013-008,1151,858,0,858,0,6,852
14-014-001,759,538,0,538,0,3,535
14-014-002,780,508,0,507,-1,4,503
14-014-003,663,413,0,412,-1,1,411
14-014-004,880,550,0,550,0,5,545
14-014-005,701,428,0,428,0,2,426
14-014-006,785,571,0,553,-18,0,553
14-014-007,713,544,0,544,0,0,544
14-014-008,761,600,0,599,-1,2,597
14-014-009,738,468,0,468,0,0,468
14-014-010,833,592,1,591,-1,3,588
14-014-011,693,512,0,512,0,2,510
14-014-012,724,536,0,536,0,2,534
14-014-013,711,513,0,513,0,3,510
14-014-014,772,542,0,542,0,3,539
14-014-015,738,515,0,515,0,5,510
14-014-016,759,561,0,562,1,18,544
14-015-001,1159,856,0,851,-5,4,847
14-015-002,1132,776,0,776,0,5,771
14-015-003,1150,773,0,772,-1,6,766
14-015-004,1142,811,0,811,0,5,806
14-015-005,1110,791,0,789,-2,9,780
14-015-006,1134,805,0,805,0,4,801
14-015-007,1077,795,1,794,-1,2,792
14-015-008,1148,850,0,850,0,8,842
14-015-009,1116,677,0,677,0,3,674
14-015-010,1132,680,0,679,-1,8,671
14-015-011,1107,672,0,672,0,8,664
14-015-012,1112,669,1,669,0,4,665
14-015-013,1266,790,0,786,-4,3,783
14-015-014,1003,639,0,639,0,3,636
14-015-015,1100,735,0,735,0,5,730
14-015-016,1077,758,0,756,-2,3,753
14-015-017,1116,793,0,793,0,7,786
14-015-018,1130,838,0,827,-11,6,821
14-015-019,966,649,0,651,2,25,626
14-015-020,1171,855,0,854,-1,2,852
14-016-001,796,413,0,413,0,5,408
14-016-002,773,422,0,422,0,5,417
14-016-003,697,384,0,384,0,4,380
14-016-004,794,442,0,442,0,4,438
14-016-005,780,441,0,441,0,6,435
14-016-006,214,87,0,87,0,1,86
14-016-007,193,72,0,72,0,2,70
14-017-001,846,535,0,535,0,1,534
14-017-002,747,457,0,455,-2,2,453
14-017-003,979,638,0,621,-17,3,618
14-017-004,689,405,1,405,0,2,403
14-017-005,1070,602,0,602,0,2,600
14-017-006,738,445,0,445,0,4,441
14-017-007,607,329,0,329,0,1,328
14-017-008,597,383,0,383,0,4,379
14-017-009,905,597,0,597,0,6,591
14-017-010,964,608,0,608,0,5,603
14-017-011,620,411,0,411,0,1,410
14-017-012,640,392,0,392,0,2,390
14-017-013,1117,592,0,591,-1,5,586
14-017-014,914,476,0,473,-3,4,469
14-017-015,763,467,0,467,0,8,459
14-017-016,803,503,0,503,0,1,502
14-017-017,917,465,0,465,0,4,461
14-017-018,720,236,0,235,-1,2,233
14-017-019,138,43,0,43,0,1,42
14-017-020,1165,562,0,559,-3,7,552
14-017-021,932,399,0,399,0,8,391
14-017-022,1046,547,0,547,0,8,539
14-017-023,1168,702,0,702,0,4,698
14-017-024,867,421,1,418,-3,1,417
14-017-025,934,460,0,460,0,3,457
14-017-026,1009,378,0,378,0,5,373
14-017-027,1138,522,0,522,0,6,516
14-017-028,787,421,0,421,0,6,415
14-017-029,643,340,0,340,0,5,335
14-017-030,721,431,0,431,0,2,429
14-017-031,893,592,0,592,0,1,591
14-017-032,908,398,0,398,0,1,397
14-017-033,985,549,0,549,0,6,543
14-017-034,769,337,0,337,0,2,335
14-018-001,772,408,0,408,0,3,405
14-018-002,758,375,0,375,0,5,370
14-018-003,687,368,0,367,-1,8,359
14-018-004,676,361,0,360,-1,4,356
14-018-005,655,361,0,361,0,5,356
14-019-001,1192,665,0,665,0,6,659
14-019-002,846,351,0,351,0,13,338
14-019-003,1434,617,0,616,-1,14,602
14-020-001,894,466,0,465,-1,11,454
14-020-002,784,402,0,402,0,5,397
14-021-001,941,417,1,415,-2,4,411
14-021-002,978,629,0,628,-1,5,623
14-021-003,972,643,0,642,-1,10,632
14-022-001,1442,875,0,876,1,21,855
14-023-001,998,653,0,653,0,10,643
14-023-002,992,562,1,562,0,5,557
14-023-003,979,659,0,659,0,1,658
14-023-004,1001,688,0,688,0,3,685
14-023-005,1047,741,0,741,0,5,736
14-023-006,964,658,0,658,0,2,656
14-023-007,857,594,0,594,0,5,589
14-023-008,938,641,0,641,0,4,637
14-024-001,531,359,0,359,0,5,354
14-025-001,872,434,0,434,0,1,433
14-025-002,864,495,0,495,0,6,489
14-025-003,901,509,0,509,0,3,506
14-025-004,864,485,0,485,0,5,480
14-025-005,852,455,0,453,-2,5,448
14-025-006,840,481,0,480,-1,3,477
14-025-007,786,403,0,403,0,2,401
14-025-008,993,616,0,616,0,1,615
14-025-009,782,514,0,514,0,5,509
14-025-010,833,423,0,423,0,2,421
14-025-011,823,468,0,467,-1,4,463
14-025-012,830,484,0,484,0,3,481
14-025-013,843,388,0,388,0,3,385
14-025-014,798,391,0,390,-1,2,388
14-025-015,1147,556,0,553,-3,1,552
14-025-016,707,326,0,326,0,9,317
14-026-001,760,377,0,377,0,9,368
14-026-002,1127,602,0,602,0,4,598
14-026-003,321,172,0,172,0,1,171
14-027-001,868,426,0,426,0,2,424
14-027-002,820,429,0,429,0,9,420
14-027-003,913,417,0,417,0,2,415
14-027-004,1083,481,0,481,0,8,473
14-028-001,1169,610,0,610,0,7,603
14-028-002,1131,627,0,628,1,15,613
14-028-003,1073,549,0,549,0,7,542
14-028-004,1118,646,0,644,-2,5,639
14-029-001,933,610,0,614,4,74,540
14-029-002,1068,702,0,702,0,5,697
14-029-003,1036,741,0,739,-2,7,732
14-029-004,1027,660,0,659,-1,5,654
14-029-005,1075,786,0,785,-1,5,780
14-029-006,1088,748,0,747,-1,5,742
14-029-007,1117,785,1,784,-1,4,780
14-029-008,1179,837,0,837,0,4,833
14-030-001,538,307,0,307,0,8,299
14-030-002,764,514,0,513,-1,5,508
14-030-003,468,266,1,266,0,2,264
14-031-001,945,444,0,442,-2,7,435
14-031-002,970,515,0,515,0,3,512
14-031-003,1147,479,0,479,0,7,472
14-031-004,937,581,0,580,-1,10,570
14-031-005,912,468,0,468,0,7,461
14-032-001,792,487,0,487,0,3,484
14-032-002,918,567,0,566,-1,4,562
14-032-003,915,562,0,562,0,13,549
14-033-001,1296,738,0,738,0,4,734
14-033-002,1142,591,0,591,0,4,587
14-033-003,1062,618,0,615,-3,5,610
14-033-004,955,571,0,571,0,4,567
14-033-005,972,564,0,564,0,3,561
14-033-006,1015,644,0,642,-2,6,636
14-033-007,1201,785,0,785,0,2,783
14-033-008,1426,886,0,886,0,3,883
14-033-009,1032,602,0,602,0,7,595
14-033-010,1034,596,0,596,0,1,595
14-033-011,903,483,0,483,0,3,480
14-033-012,1294,806,0,804,-2,3,801
14-033-013,1397,783,0,782,-1,4,778
14-033-014,1318,763,0,763,0,2,761
14-033-015,1156,684,0,682,-2,6,676
14-033-016,1019,586,0,582,-4,4,578
14-034-001,1311,841,0,841,0,2,839
14-034-002,1180,761,0,760,-1,5,755
14-034-003,1056,632,0,631,-1,6,625
14-034-004,997,600,0,600,0,1,599
14-034-005,1028,578,0,579,1,13,566
14-034-006,931,540,0,543,3,32,511
14-034-007,1051,661,0,660,-1,3,657
14-034-008,1198,744,0,747,3,36,711
14-034-009,1118,704,1,703,-1,7,696
14-034-010,1103,618,0,629,11,93,536
14-034-011,908,509,0,509,0,3,506
14-034-012,1042,573,0,572,-1,3,569
14-034-013,962,685,0,686,1,18,668
14-034-014,965,646,0,646,0,5,641
14-034-015,1025,703,0,703,0,5,698
14-034-016,1110,748,0,747,-1,5,742
14-034-017,1000,654,0,654,0,2,652
14-034-018,921,603,0,603,0,3,600
14-034-019,1199,702,0,701,-1,3,698
14-034-020,1002,674,0,677,3,35,642
14-034-021,1169,690,0,694,4,43,651
14-034-022,1138,678,0,678,0,3,675
14-034-023,1191,733,0,733,0,4,729
14-034-024,1062,650,0,650,0,3,647
14-034-025,955,603,0,602,-1,2,600
14-034-026,1400,927,0,926,-1,4,922
14-034-027,1395,930,0,934,4,44,890
14-034-028,1191,694,0,693,-1,6,687
14-034-029,1175,676,0,674,-2,3,671
14-034-030,965,588,1,589,1,17,572
14-035-001,973,558,0,558,0,10,548
14-035-002,1076,625,0,625,0,4,621
14-035-003,1298,699,0,696,-3,11,685
14-035-004,1297,643,0,643,0,7,636
14-035-005,1181,697,0,697,0,7,690
14-035-006,1101,567,0,567,0,8,559
14-036-001,912,526,0,526,0,9,517
14-036-002,679,391,0,391,0,2,389
14-036-003,778,431,0,431,0,4,427
14-036-004,907,579,0,579,0,7,572
14-037-001,958,469,0,469,0,7,462
14-037-002,1128,624,0,623,-1,7,616
14-037-003,1086,590,0,587,-3,8,579
14-037-004,1127,635,0,634,-1,6,628
14-037-005,1074,592,0,592,0,4,588
14-037-006,1133,605,0,604,-1,7,597
14-037-007,1139,676,0,676,0,8,668
14-038-001,1218,630,0,629,-1,5,624
14-038-002,1058,673,0,673,0,12,661
14-038-003,1066,753,0,747,-6,15,732
14-038-004,898,563,0,563,0,6,557
14-038-005,1079,552,1,552,0,1,551
14-038-006,1233,802,0,800,-2,3,797
14-038-007,1171,716,0,716,0,6,710
14-038-008,1131,624,0,623,-1,2,621
14-038-009,1002,500,0,500,0,7,493
14-038-010,1202,600,2,598,-2,3,595
14-038-011,1130,721,0,721,0,1,720
14-038-012,1265,789,0,788,-1,6,782
14-038-013,1062,680,0,680,0,3,677
14-038-014,996,664,0,664,0,4,660
14-038-015,1286,856,0,856,0,1,855
14-038-016,1122,785,0,785,0,4,781
14-038-017,879,541,0,541,0,4,537
14-038-018,1021,681,0,681,0,3,678
14-038-019,1122,722,0,719,-3,2,717
14-038-020,1258,676,0,675,-1,0,675
14-038-021,1029,534,0,534,0,4,530
14-038-022,998,595,0,595,0,2,593
14-038-023,1077,721,0,721,0,1,720
14-038-024,1158,794,0,789,-5,4,785
14-038-025,1196,712,3,709,-3,9,700
14-038-026,1137,681,0,681,0,3,678
14-038-027,1250,803,0,803,0,5,798
14-038-028,1149,726,0,725,-1,2,723
14-038-029,1162,833,1,833,0,3,830
14-038-030,946,570,0,570,0,2,568
14-038-031,1046,701,0,700,-1,4,696
14-038-032,1109,735,0,739,4,43,696
14-038-033,1323,783,2,778,-5,5,773
14-038-034,1377,781,0,781,0,10,771
14-038-035,1307,837,0,835,-2,2,833
14-038-036,1200,772,0,772,0,3,769
14-038-037,1296,869,0,869,0,8,861
14-038-038,1319,829,0,829,0,4,825
14-038-039,1382,844,0,841,-3,8,833
14-038-040,1289,836,0,834,-2,6,828
14-038-041,1300,810,0,810,0,6,804
14-038-042,1260,802,0,801,-1,4,797
14-038-043,1241,754,0,754,0,3,751
14-038-044,1156,711,0,711,0,4,707
14-038-045,1087,729,0,729,0,6,723
14-038-046,1408,1007,0,1007,0,4,1003
14-038-047,1406,898,0,898,0,4,894
14-038-048,1365,906,0,905,-1,5,900
14-039-001,927,565,0,565,0,8,557
14-039-002,1035,606,0,606,0,11,595
14-039-003,905,449,0,449,0,7,442
14-040-001,757,411,0,411,0,5,406
14-040-002,717,393,0,393,0,5,388
14-040-003,794,446,0,445,-1,7,438
14-040-004,736,428,0,425,-3,7,418
14-041-001,1180,675,0,674,-1,0,674
14-041-002,924,591,0,591,0,2,589
14-041-003,1047,638,0,638,0,4,634
14-041-004,936,645,0,645,0,3,642
14-041-005,1093,650,0,651,1,16,635
14-041-006,967,609,0,609,0,5,604
14-041-007,1052,621,0,621,0,2,619
14-041-008,821,520,0,519,-1,4,515
14-041-009,1201,618,0,617,-1,3,614
14-041-010,1196,732,0,731,-1,3,728
14-041-011,848,530,0,530,0,5,525
14-041-012,865,437,0,437,0,1,436
14-041-013,1281,849,0,847,-2,5,842
14-041-014,1023,606,0,605,-1,1,604
14-041-015,875,563,0,563,0,3,560
14-041-016,1095,673,0,672,-1,7,665
14-042-001,744,435,0,435,0,6,429
14-043-001,697,424,0,424,0,7,417
14-043-002,683,367,0,367,0,7,360
14-043-003,712,327,0,327,0,9,318
14-044-001,933,526,0,526,0,4,522
14-044-002,632,408,0,408,0,5,403
14-045-001,1244,692,0,692,0,7,685
14-045-002,1142,661,0,658,-3,15,643
14-045-003,145,54,0,54,0,1,53
14-046-001,1054,724,0,724,0,3,721
14-046-002,1105,769,0,769,0,4,765
14-046-003,924,649,0,649,0,3,646
14-046-004,1066,713,0,713,0,3,710
14-046-005,1044,698,1,698,0,8,690
14-046-006,1204,782,2,782,0,12,770
14-046-007,1136,644,0,643,-1,4,639
14-046-008,966,642,0,641,-1,5,636
14-046-009,771,481,0,477,-4,4,473
14-046-010,1067,694,0,691,-3,7,684
14-046-011,976,682,0,682,0,5,677
14-046-012,932,582,0,581,-1,4,577
14-046-013,1116,742,0,742,0,4,738
14-046-014,1171,720,0,716,-4,4,712
14-046-015,1178,704,0,704,0,4,700
14-046-016,985,650,0,650,0,8,642
14-047-001,658,455,0,455,0,2,453
14-047-002,893,449,0,447,-2,3,444
14-047-003,1046,700,0,700,0,3,697
14-047-004,857,583,0,583,0,4,579
14-047-005,1038,702,0,702,0,3,699
14-047-006,628,402,0,402,0,4,398
14-047-007,613,403,0,403,0,4,399
14-047-008,896,623,0,624,1,14,610
14-047-009,849,563,0,563,0,6,557
14-047-010,991,657,0,657,0,5,652
14-047-011,1330,913,0,912,-1,20,892
14-047-012,755,499,0,499,0,4,495
14-047-013,859,502,0,500,-2,5,495
14-047-014,737,476,0,476,0,5,471
14-047-015,838,554,0,554,0,11,543
14-047-016,644,424,0,424,0,2,422
14-047-017,920,584,0,582,-2,8,574
14-047-018,1226,761,0,761,0,8,753
14-047-019,1212,757,0,756,-1,5,751
14-047-020,714,501,1,501,0,2,499
14-047-021,745,462,0,462,0,9,453
14-047-022,1041,730,0,730,0,4,726
14-047-023,1246,891,0,891,0,5,886
14-047-024,1418,1003,0,1003,0,10,993
14-047-025,638,448,0,448,0,4,444
14-047-026,863,548,0,547,-1,7,540
14-047-027,1088,748,0,747,-1,10,737
14-048-001,1182,652,0,651,-1,5,646
14-048-002,1193,625,0,625,0,3,622
14-048-003,1237,610,0,610,0,1,609
14-048-004,1133,609,0,609,0,2,607
14-048-005,1136,530,0,530,0,5,525
14-048-006,1143,550,0,549,-1,3,546
14-048-007,1139,549,0,548,-1,9,539
14-048-008,1092,499,0,498,-1,2,496
14-048-009,1324,587,0,587,0,2,585
14-048-010,1191,522,0,519,-3,4,515
14-048-011,745,393,0,393,0,3,390
14-048-012,838,411,0,411,0,4,407
14-048-013,864,387,0,387,0,0,387
14-048-014,980,490,0,490,0,4,486
14-048-015,871,406,0,406,0,0,406
14-048-016,718,344,0,344,0,1,343
14-048-017,877,418,0,409,-9,3,406
14-048-018,865,451,0,451,0,2,449
14-048-019,862,466,0,466,0,5,461
14-049-001,978,566,0,566,0,1,565
14-049-002,1026,610,0,610,0,6,604
14-049-003,1008,625,0,625,0,3,622
14-049-004,823,422,0,422,0,6,416
14-049-005,981,624,0,624,0,2,622
14-049-006,812,470,0,469,-1,5,464
14-049-007,955,563,0,562,-1,7,555
14-049-008,1088,609,0,608,-1,7,601
14-049-009,986,522,0,522,0,4,518
14-049-010,820,460,0,460,0,4,456
14-049-011,768,448,0,448,0,1,447
14-049-012,881,541,0,541,0,5,536
14-049-013,976,554,0,553,-1,6,547
14-049-014,1168,654,0,655,1,14,641
14-049-015,1067,605,0,605,0,3,602
14-049-016,1053,661,0,661,0,3,658
14-050-001,1093,619,0,621,2,23,598
14-050-002,1323,789,0,789,0,3,786
14-050-003,1067,618,0,617,-1,5,612
14-050-004,1068,560,0,560,0,6,554
14-050-005,1084,636,0,636,0,6,630
14-050-006,1332,896,0,895,-1,11,884
14-050-007,1115,586,0,586,0,1,585
14-050-008,1330,820,0,820,0,6,814
14-051-001,913,631,0,630,-1,8,622
14-051-002,1123,822,0,822,0,2,820
14-052-001,982,405,0,405,0,3,402
14-052-002,1226,501,0,501,0,8,493
14-052-003,1120,484,0,484,0,4,480
14-053-001,1034,626,0,626,0,4,622
14-053-002,848,477,0,477,0,9,468
14-053-003,813,541,0,540,-1,6,534
14-054-001,867,559,0,559,0,6,553
14-054-002,760,464,0,464,0,10,454
14-055-001,1024,568,0,568,0,6,562
14-055-002,864,520,0,520,0,14,506
14-055-003,979,586,0,586,0,5,581
14-055-004,961,598,0,598,0,6,592
14-056-001,333,199,0,199,0,1,198
14-057-001,211,150,1,148,-2,5,143
14-058-001,1263,718,0,720,2,24,696
14-058-002,1324,755,0,755,0,11,744
14-058-003,1323,721,0,721,0,9,712
14-058-004,1300,750,0,750,0,4,746
14-058-005,1026,669,0,668,-1,7,661
14-058-006,1003,670,0,668,-2,7,661
14-058-007,1034,574,0,574,0,4,570
14-058-008,1074,593,0,593,0,7,586
14-059-001,775,345,0,345,0,4,341
14-059-002,650,361,0,360,-1,2,358
14-059-003,645,359,0,359,0,8,351
14-060-001,827,497,0,497,0,10,487
14-060-002,733,461,0,460,-1,12,448
14-060-003,865,551,0,549,-2,8,541
14-061-001,802,437,0,437,0,3,434
14-061-002,808,403,0,403,0,12,391
14-061-003,822,420,0,420,0,6,414
14-061-004,766,370,0,370,0,7,363
14-061-005,809,433,0,434,1,20,414
14-061-006,774,374,0,373,-1,4,369
14-062-001,522,372,0,372,0,10,362
14-063-001,783,497,0,497,0,9,488
14-064-001,1150,739,0,739,0,9,730
14-064-002,1253,801,0,801,0,8,793
14-064-003,1100,686,0,686,0,7,679
14-064-004,1266,640,0,637,-3,4,633
14-064-005,1015,581,0,580,-1,5,575
14-064-006,1080,735,0,735,0,1,734
14-064-007,939,622,0,622,0,2,620
14-064-008,1046,666,0,666,0,3,663
14-065-001,1020,440,0,440,0,3,437
14-065-002,986,493,0,493,0,2,491
14-065-003,1128,593,0,592,-1,9,583
14-065-004,1080,558,0,558,0,7,551
14-065-005,1084,463,0,463,0,7,456
14-065-006,1082,595,0,595,0,5,590
14-065-007,1037,513,0,513,0,6,507
14-066-001,1027,690,0,689,-1,5,684
14-066-002,1006,715,0,716,1,19,697
14-067-001,565,307,0,307,0,5,302
14-068-001,819,589,0,589,0,9,580
14-069-001,1324,807,0,805,-2,6,799
14-069-002,1376,792,0,791,-1,6,785
14-069-003,1354,805,0,806,1,16,790
14-069-004,1259,687,0,686,-1,6,680
14-069-005,1355,845,0,845,0,3,842
14-069-006,1276,737,0,737,0,1,736
14-069-007,1202,713,0,713,0,5,708
14-069-008,1373,801,0,801,0,2,799
14-070-001,729,404,0,404,0,2,402
14-070-002,731,365,1,365,0,10,355
14-071-001,1174,737,0,737,0,9,728
14-071-002,865,590,0,590,0,11,579
14-072-001,605,320,0,319,-1,5,314
14-072-002,752,401,0,401,0,3,398
14-072-003,1205,534,0,534,0,4,530
14-072-004,1060,470,0,470,0,3,467
14-073-001,604,419,0,419,0,4,415
14-074-001,652,417,0,417,0,3,414
14-075-001,723,489,0,489,0,11,478
14-075-002,868,549,0,549,0,7,542
14-075-003,778,512,1,511,-1,6,505
14-075-004,805,540,0,540,0,8,532
14-076-001,874,540,0,540,0,5,535
14-077-001,250,153,0,153,0,0,153
14-078-001,1155,719,1,719,0,9,710
14-078-002,1304,829,0,826,-3,4,822
14-078-003,1391,805,0,806,1,18,788
14-078-004,1169,699,0,699,0,8,691
14-078-005,1206,683,0,683,0,12,671
14-078-006,1119,612,0,612,0,9,603
14-078-007,1184,631,0,631,0,1,630
14-078-008,1423,946,0,945,-1,4,941
14-079-001,1413,887,0,887,0,9,878
14-080-001,1041,486,0,486,0,7,479
14-081-001,641,426,0,425,-1,6,419
14-082-001,763,347,0,347,0,6,341
14-082-002,725,364,0,364,0,7,357
14-082-003,841,359,0,359,0,4,355
14-082-004,1046,535,0,535,0,3,532
14-083-001,580,246,0,246,0,3,243
14-084-001,1049,693,0,693,0,7,686
14-084-002,1062,703,0,703,0,9,694
14-084-003,1012,622,0,622,0,1,621
14-084-004,1142,742,0,742,0,3,739
14-084-005,1038,607,0,607,0,5,602
14-084-006,1090,620,0,619,-1,3,616
14-085-001,875,464,0,463,-1,5,458
14-085-002,909,305,0,305,0,4,301
14-085-003,906,435,0,437,2,24,413
14-085-004,1063,498,1,498,0,3,495
14-085-005,914,499,0,499,0,2,497
14-085-006,871,425,0,425,0,4,421
14-085-007,998,461,0,460,-1,4,456
14-085-008,865,403,0,403,0,2,401
14-085-009,912,476,1,473,-3,3,470
14-085-010,913,467,0,467,0,4,463
14-085-011,892,508,0,508,0,2,506
14-085-012,716,378,0,379,1,13,366
14-085-013,947,536,0,540,4,38,502
14-085-014,902,520,0,520,0,1,519
14-085-015,1141,571,0,571,0,7,564
14-085-016,1094,473,0,473,0,7,466
14-086-001,505,332,0,332,0,6,326
14-087-001,1310,724,0,724,0,7,717
14-087-002,1279,705,0,704,-1,5,699
14-087-003,1339,741,0,741,0,10,731
14-087-004,1216,745,0,744,-1,5,739
14-087-005,1157,606,0,605,-1,2,603
14-087-006,1055,589,0,587,-2,3,584
14-087-007,1295,529,0,528,-1,16,512
14-087-008,1162,463,0,461,-2,7,454
14-088-001,874,614,0,614,0,4,610
14-088-002,826,546,0,546,0,6,540
14-088-003,924,628,0,626,-2,5,621
14-088-004,921,665,0,666,1,16,650
14-088-005,955,704,0,704,0,10,694
14-088-006,903,656,0,656,0,4,652
14-088-007,904,656,0,656,0,4,652
14-089-001,1249,591,0,588,-3,4,584
14-089-002,1061,675,0,675,0,8,667
14-089-003,965,495,0,495,0,3,492
14-089-004,1086,608,0,608,0,5,603
14-089-005,1124,579,0,583,4,41,542
14-089-006,1091,636,0,636,0,4,632
14-089-007,851,428,0,428,0,4,424
14-089-008,784,459,0,459,0,1,458
14-089-009,740,409,0,409,0,2,407
14-089-010,733,379,0,379,0,4,375
14-089-011,717,328,0,328,0,9,319
14-089-012,747,446,0,446,0,4,442
14-089-013,1061,443,0,443,0,5,438
14-089-014,1044,437,0,437,0,6,431
14-089-015,735,418,0,417,-1,5,412
14-089-016,787,325,0,324,-1,0,324
14-089-017,938,429,0,428,-1,1,427
14-089-018,870,381,0,382,1,17,365
14-089-019,828,423,0,423,0,2,421
14-089-020,1018,430,0,430,0,4,426
14-090-001,983,665,0,665,0,8,657
14-090-002,1087,775,0,775,0,7,768
14-090-003,805,607,0,606,-1,2,604
14-090-004,1148,787,0,783,-4,8,775
14-091-001,1170,660,0,660,0,5,655
14-091-002,1149,734,0,734,0,7,727
14-091-003,1222,787,0,786,-1,10,776
14-091-004,1234,784,0,784,0,6,778
14-092-001,1039,562,0,562,0,11,551
14-092-002,1099,655,0,654,-1,18,636
14-092-003,1007,528,0,528,0,13,515
14-093-001,812,294,0,294,0,4,290
14-093-002,734,290,0,290,0,3,287
14-094-001,1008,634,0,634,0,3,631
14-094-002,1071,613,0,611,-2,1,610
14-094-003,960,587,0,587,0,4,583
14-094-004,930,540,0,540,0,6,534
14-094-005,840,512,0,512,0,3,509
14-094-006,486,316,1,315,-1,1,314
14-094-007,999,613,0,613,0,3,610
14-094-008,154,76,0,76,0,2,74
14-094-009,439,182,0,182,0,6,176
14-094-010,951,536,0,535,-1,4,531
14-095-001,759,449,0,449,0,7,442
14-095-002,1079,413,0,412,-1,6,406
14-095-003,974,541,0,541,0,10,531
14-095-004,1010,554,0,554,0,15,539
14-096-001,912,532,0,532,0,2,530
14-096-002,1080,646,0,646,0,9,637
14-096-003,778,457,0,457,0,6,451
14-096-004,856,522,0,522,0,8,514
14-096-005,845,491,0,491,0,2,489
14-096-006,889,541,0,541,0,3,538
14-096-007,1088,644,0,644,0,9,635
14-097-001,655,317,0,317,0,6,311
14-097-002,832,317,0,317,0,10,307
14-098-001,1246,822,0,822,0,15,807
14-098-002,1323,875,0,875,0,4,871
14-098-003,1384,906,0,911,5,66,845
14-098-004,1278,721,0,715,-6,8,707
14-098-005,1222,783,0,781,-2,6,775
14-099-001,1230,823,0,823,0,12,811
14-100-001,873,482,0,483,1,15,468
14-100-002,814,462,1,464,2,23,441
14-101-001,327,234,0,234,0,7,227
14-102-001,1023,683,0,683,0,6,677
14-102-002,859,581,0,581,0,5,576
14-102-003,785,488,0,487,-1,6,481
14-102-004,755,509,0,509,0,3,506
14-102-005,791,441,0,441,0,7,434
14-102-006,668,364,0,364,0,2,362
14-102-007,819,486,0,486,0,6,480
14-102-008,757,483,0,483,0,7,476
14-102-009,1007,686,0,679,-7,2,677
14-102-010,977,668,0,668,0,4,664
14-102-011,921,535,0,534,-1,7,527
14-102-012,916,608,0,608,0,2,606
14-102-013,745,444,0,443,-1,2,441
14-102-014,729,436,0,435,-1,4,431
14-102-015,762,446,0,445,-1,4,441
14-102-016,810,435,0,435,0,5,430
14-103-001,1087,569,0,567,-2,10,557
14-103-002,1025,562,0,562,0,8,554
14-104-001,1149,546,0,546,0,5,541
14-104-002,1199,627,0,627,0,9,618
14-104-003,1208,662,0,662,0,5,657
14-104-004,1059,622,0,623,1,17,606
14-104-005,1220,688,1,688,0,5,683
14-104-006,1270,585,0,581,-4,2,579
14-104-007,1241,705,0,706,1,24,682
14-104-008,1226,587,0,587,0,12,575
14-105-001,1092,732,0,739,7,73,666
14-105-002,1087,766,0,766,0,7,759
14-105-003,1134,692,0,692,0,3,689
14-106-001,1288,795,0,794,-1,5,789
14-106-002,1154,431,0,433,2,23,410
14-106-003,1018,666,0,663,-3,8,655
14-106-004,881,640,0,638,-2,10,628
14-106-005,1240,749,0,747,-2,8,739
14-106-006,925,621,0,623,2,25,598
14-107-001,814,564,0,564,0,5,559
14-107-002,815,572,0,572,0,12,560
14-108-001,948,631,0,631,0,3,628
14-108-002,1274,725,0,725,0,7,718
14-109-001,1188,825,0,825,0,24,801
14-109-002,1249,854,0,852,-2,10,842
14-109-003,1045,663,0,663,0,8,655
14-110-001,913,520,0,520,0,5,515
14-110-002,818,527,0,524,-3,5,519
14-111-001,976,652,0,651,-1,11,640
14-112-001,1686,1111,0,1111,0,9,1102
14-112-002,1577,870,0,870,0,4,866
14-112-003,1432,936,0,935,-1,8,927
14-112-004,1323,851,0,849,-2,6,843
14-112-005,1425,820,0,825,5,62,763
14-112-006,1396,901,0,890,-11,7,883
14-112-007,1296,868,0,868,0,4,864
14-112-008,1458,843,0,842,-1,7,835
14-113-001,954,612,0,613,1,15,598
14-113-002,872,581,0,581,0,2,579
14-113-003,844,467,2,467,0,4,463
14-113-004,887,414,0,414,0,3,411
14-113-005,856,540,0,540,0,3,537
14-113-006,1034,699,1,699,0,4,695
14-113-007,858,507,0,507,0,4,503
14-113-008,1011,686,0,686,0,6,680
14-113-009,882,603,0,600,-3,2,598
14-113-010,976,663,0,663,0,4,659
14-113-011,885,592,0,592,0,4,588
14-113-012,931,612,0,611,-1,4,607
14-113-013,869,545,0,545,0,2,543
14-113-014,937,607,0,607,0,1,606
14-113-015,914,601,0,601,0,4,597
14-113-016,795,498,0,498,0,5,493
14-114-001,1271,730,0,720,-10,8,712
14-114-002,1057,654,0,654,0,2,652
14-115-001,1058,653,0,653,0,18,635
14-116-001,956,605,0,604,-1,5,599
14-117-001,1088,757,0,757,0,12,745
14-118-001,593,384,0,381,-3,9,372
14-119-001,1136,728,0,727,-1,13,714
14-119-002,1144,606,0,607,1,14,593
14-119-003,972,556,0,556,0,5,551
14-119-004,1052,602,0,602,0,11,591
14-119-005,1033,485,0,485,0,4,481
14-119-006,1034,392,0,383,-9,2,381
14-119-007,1121,696,0,696,0,6,690
14-119-008,1254,692,0,692,0,3,689
14-120-001,1578,1025,0,1024,-1,12,1012
14-121-001,1023,634,0,634,0,3,631
14-121-002,1132,794,0,794,0,3,791
14-121-003,1142,812,0,810,-2,4,806
14-121-004,1073,780,0,780,0,4,776
14-121-005,1159,765,0,765,0,3,762
14-121-006,1057,740,0,738,-2,3,735
14-121-007,1125,781,0,781,0,5,776
14-121-008,1146,753,0,752,-1,7,745
14-122-001,1165,693,0,693,0,14,679
14-122-002,840,586,0,586,0,2,584
14-122-003,942,627,0,626,-1,3,623
14-123-001,859,469,0,469,0,2,467
14-123-002,988,497,0,497,0,3,494
14-123-003,948,552,0,552,0,1,551
14-123-004,1152,607,0,607,0,2,605
14-123-005,883,492,0,492,0,6,486
14-123-006,967,527,0,527,0,9,518
14-123-007,1087,569,0,569,0,5,564
14-124-001,1265,860,0,858,-2,6,852
14-124-002,1538,1035,0,1034,-1,11,1023
14-124-003,1246,850,0,846,-4,18,828
14-124-004,781,512,0,512,0,10,502
14-125-001,921,502,0,502,0,6,496
14-125-002,871,478,0,478,0,2,476
14-125-003,800,428,0,428,0,1,427
14-125-004,776,433,0,433,0,1,432
14-125-005,811,416,0,417,1,15,402
14-125-006,801,435,0,435,0,6,429
14-125-007,812,447,0,447,0,7,440
14-125-008,929,439,0,438,-1,8,430
14-125-009,963,502,0,501,-1,2,499
14-125-010,1059,677,0,677,0,6,671
14-125-011,1033,685,0,685,0,1,684
14-125-012,970,638,0,638,0,3,635
14-125-013,854,520,1,520,0,1,519
14-125-014,847,586,0,586,0,3,583
14-125-015,1015,605,0,604,-1,4,600
14-125-016,1020,701,1,700,-1,6,694
14-126-001,1105,755,0,755,0,1,754
14-126-002,1299,812,0,809,-3,9,800
14-126-003,1039,637,0,636,-1,4,632
14-126-004,1047,634,0,634,0,3,631
14-126-005,1025,685,0,683,-2,4,679
14-126-006,1035,728,0,736,8,72,664
14-126-007,1060,611,1,611,0,4,607
14-126-008,1055,733,0,733,0,0,733
14-126-009,1083,672,0,672,0,4,668
14-126-010,1064,703,0,703,0,13,690
14-126-011,1094,786,0,785,-1,9,776
14-126-012,1101,767,0,768,1,11,757
14-126-013,1129,771,0,771,0,1,770
14-126-014,1113,758,0,758,0,6,752
14-126-015,1133,727,0,727,0,0,727
14-126-016,1139,739,0,739,0,3,736
14-126-017,1151,782,0,782,0,4,778
14-126-018,1129,731,0,731,0,4,727
14-126-019,1168,756,0,755,-1,3,752
14-126-020,1159,725,0,724,-1,3,721
14-127-001,800,413,0,413,0,14,399
14-127-002,740,373,0,373,0,5,368
14-128-001,987,452,0,453,1,23,430
14-128-002,969,520,0,521,1,17,504
14-128-003,1153,489,0,488,-1,7,481
14-128-004,980,541,0,541,0,7,534
14-129-001,1144,592,0,592,0,10,582
14-130-001,1103,568,0,568,0,7,561
14-130-002,1195,682,0,682,0,5,677
14-131-001,919,462,0,462,0,6,456
14-131-002,876,421,0,420,-1,2,418
14-131-003,944,451,3,450,-1,1,449
14-131-004,876,430,0,430,0,3,427
14-131-005,892,444,0,444,0,4,440
14-131-006,913,447,0,447,0,5,442
14-131-007,929,356,0,356,0,6,350
14-131-008,1020,503,0,502,-1,3,499
14-131-009,860,412,0,412,0,1,411
14-131-010,913,503,0,503,0,1,502
14-131-011,950,435,0,435,0,1,434
14-131-012,917,427,0,427,0,3,424
14-131-013,924,410,0,411,1,12,399
14-131-014,1035,491,0,491,0,3,488
14-131-015,979,427,0,427,0,4,423
14-131-016,826,423,0,423,0,3,420
14-132-001,1083,725,0,722,-3,8,714
14-132-002,1341,761,0,759,-2,8,751
14-133-001,935,543,0,543,0,9,534
14-133-002,1169,710,1,709,-1,1,708
14-134-001,1379,717,0,717,0,2,715
14-134-002,712,418,0,418,0,2,416
14-134-003,757,384,0,384,0,6,378
14-134-004,1027,638,0,638,0,3,635
14-134-005,979,597,0,596,-1,4,592
14-134-006,982,606,0,605,-1,3,602
14-134-007,909,532,0,531,-1,5,526
14-134-008,1083,719,0,719,0,8,711
14-134-009,1452,806,0,804,-2,5,799
14-134-010,1117,514,1,514,0,6,508
14-134-011,1190,580,0,579,-1,8,571
14-134-012,1077,546,0,544,-2,5,539
14-134-013,950,612,0,613,1,14,599
14-134-014,981,595,0,595,0,1,594
14-134-015,1082,601,0,601,0,4,597
14-134-016,1156,705,0,705,0,4,701
14-134-017,874,525,0,525,0,2,523
14-134-018,910,545,0,545,0,5,540
14-134-019,1012,600,0,600,0,3,597
14-134-020,912,598,0,597,-1,4,593
14-134-021,1019,617,0,615,-2,5,610
14-134-022,1083,538,0,538,0,7,531
14-134-023,965,466,0,465,-1,5,460
14-134-024,940,495,0,495,0,4,491
14-134-025,1040,584,0,584,0,4,580
14-134-026,1026,531,0,531,0,2,529
14-134-027,1048,527,0,527,0,7,520
14-134-028,1128,657,1,657,0,3,654
14-134-029,1145,592,0,591,-1,6,585
14-134-030,1011,592,0,592,0,8,584
14-135-001,1123,689,0,689,0,16,673
14-135-002,781,501,1,500,-1,6,494
14-136-001,674,414,0,413,-1,12,401
14-136-002,639,383,0,383,0,6,377
14-136-003,783,494,0,494,0,3,491
14-137-001,699,345,0,345,0,1,344
14-137-002,828,468,0,468,0,5,463
14-138-001,835,474,0,474,0,1,473
14-138-002,862,511,0,511,0,1,510
14-138-003,858,447,0,447,0,9,438
14-139-001,1009,662,0,661,-1,5,656
14-139-002,1245,822,5,814,-8,7,807
14-139-003,827,523,0,523,0,5,518
14-139-004,771,560,0,560,0,7,553
14-140-001,986,542,0,542,0,4,538
14-140-002,1211,703,0,702,-1,7,695
14-140-003,1501,940,0,939,-1,4,935
14-140-004,1393,807,0,807,0,8,799
14-141-001,706,447,0,444,-3,8,436
14-141-002,1127,711,0,711,0,8,703
14-141-003,807,520,0,520,0,5,515
14-141-004,1051,622,0,621,-1,5,616
14-141-005,1008,630,0,630,0,5,625
14-141-006,792,513,0,513,0,8,505
14-142-001,799,473,0,471,-2,16,455
14-142-002,678,360,0,360,0,4,356
14-143-001,964,581,0,581,0,7,574
14-143-002,869,427,0,427,0,1,426
14-143-003,866,467,0,467,0,7,460
14-144-001,867,509,0,508,-1,14,494
14-144-002,930,544,0,543,-1,10,533
14-144-003,1064,412,0,412,0,9,403
14-145-001,631,268,0,268,0,2,266
14-145-002,840,425,0,424,-1,8,416
14-145-003,633,313,0,313,0,8,305
14-145-004,697,309,0,309,0,7,302
14-146-001,556,207,0,206,-1,4,202
14-146-002,905,466,0,465,-1,11,454
14-146-003,798,402,0,402,0,7,395
14-147-001,794,366,0,366,0,12,354
14-147-002,546,203,0,203,0,3,200
14-147-003,728,371,0,371,0,3,368
14-147-004,676,416,0,415,-1,10,405
14-147-005,825,515,0,515,0,3,512
14-147-006,801,487,0,487,0,9,478
14-147-007,625,344,0,344,0,4,340
14-148-001,864,438,0,438,0,14,424
14-148-002,877,373,0,370,-3,5,365
14-148-003,688,337,0,337,0,8,329
14-148-004,885,380,0,380,0,8,372
14-148-005,819,383,0,382,-1,8,374
14-148-006,734,419,0,418,-1,5,413
14-149-001,1007,592,0,591,-1,5,586
14-149-002,888,536,0,536,0,9,527
14-149-003,980,598,0,598,0,8,590
14-149-004,1261,475,0,475,0,7,468
14-149-005,581,233,0,233,0,8,225
14-150-001,563,231,0,231,0,5,226
14-150-002,618,363,0,363,0,9,354
14-150-003,648,340,0,340,0,5,335
14-150-004,609,284,0,284,0,1,283
14-151-001,1026,595,0,595,0,3,592
14-151-002,1023,420,0,420,0,2,418
14-151-003,1096,671,0,671,0,6,665
14-151-004,1013,624,0,624,0,6,618
14-151-005,1052,535,0,535,0,8,527
14-151-006,1036,578,0,578,0,3,575
14-151-007,1040,623,0,623,0,3,620
14-151-008,1034,654,0,653,-1,4,649
14-152-001,814,621,0,621,0,3,618
14-152-002,774,580,1,583,3,33,550
14-152-003,793,583,0,583,0,4,579
14-152-004,877,669,0,669,0,4,665
14-153-001,88,64,0,64,0,0,64
14-154-001,794,524,0,524,0,7,517
14-154-002,744,484,0,484,0,4,480
14-155-001,1110,429,0,429,0,5,424
14-155-002,966,460,0,459,-1,5,454
14-155-003,1136,475,2,473,-2,3,470
14-156-001,1133,744,0,742,-2,4,738
14-157-001,985,450,0,450,0,1,449
14-157-002,1041,539,0,539,0,8,531
14-157-003,1044,619,0,618,-1,6,612
14-157-004,1185,616,0,616,0,4,612
14-157-005,1116,589,0,589,0,3,586
14-157-006,1048,581,0,581,0,6,575
14-157-007,1103,598,0,599,1,14,585
14-157-008,1141,612,0,612,0,5,607
14-158-001,702,477,0,477,0,5,472
14-158-002,650,413,0,413,0,4,409
14-158-003,746,428,0,428,0,1,427
14-158-004,699,362,0,362,0,3,359
14-158-005,703,479,0,479,0,3,476
14-158-006,758,459,1,459,0,4,455
14-158-007,736,502,0,501,-1,1,500
14-158-008,706,499,0,495,-4,1,494
14-158-009,709,429,0,428,-1,2,426
14-158-010,668,405,0,405,0,6,399
14-158-011,741,562,0,557,-5,0,557
14-158-012,576,421,0,421,0,1,420
14-158-013,754,500,0,499,-1,1,498
14-158-014,704,522,0,522,0,5,517
14-158-015,701,476,0,475,-1,6,469
14-158-016,683,431,0,431,0,6,425
14-159-001,886,421,0,417,-4,8,409
14-159-002,851,468,0,468,0,8,460
14-159-003,882,433,0,431,-2,6,425
14-159-004,789,389,0,388,-1,3,385
14-160-001,1266,761,0,761,0,9,752
14-160-002,1257,510,0,508,-2,13,495
14-160-003,1202,581,1,580,-1,5,575
14-160-004,1200,646,0,645,-1,8,637
14-160-005,1279,774,0,773,-1,15,758
14-161-001,733,421,0,421,0,2,419
14-161-002,777,484,0,484,0,3,481
14-161-003,793,475,0,475,0,7,468
14-162-001,705,349,0,349,0,6,343
14-162-002,761,383,0,383,0,4,379
14-163-001,680,314,0,314,0,5,309
14-163-002,759,356,0,356,0,3,353
14-163-003,731,260,0,260,0,5,255
14-164-001,1058,702,0,702,0,10,692
14-164-002,1047,635,0,635,0,5,630
14-165-001,1275,741,0,741,0,6,735
14-165-002,1297,754,0,754,0,2,752
14-165-003,1191,600,0,601,1,12,589
14-165-004,1227,628,0,628,0,11,617
14-165-005,1209,619,0,618,-1,6,612
14-165-006,1260,711,0,711,0,6,705
14-165-007,1290,809,0,809,0,5,804
14-165-008,1226,718,0,717,-1,5,712
14-166-001,978,729,0,729,0,10,719
14-166-002,1364,969,0,968,-1,16,952
14-166-003,1410,980,0,979,-1,15,964
14-166-004,1419,951,0,955,4,55,900
14-166-005,1223,900,0,898,-2,2,896
14-167-001,1063,423,0,423,0,6,417
14-167-002,918,370,0,370,0,6,364
14-168-001,767,432,0,432,0,4,428
14-168-002,796,379,0,379,0,7,372
14-169-001,643,354,0,356,2,24,332
14-169-002,894,541,0,541,0,2,539
14-169-003,824,526,0,526,0,5,521
14-169-004,1111,658,0,658,0,6,652
14-169-005,620,421,0,421,0,3,418
14-169-006,878,559,0,559,0,2,557
14-169-007,1123,649,0,647,-2,4,643
14-169-008,776,520,0,520,0,4,516
14-169-009,841,542,0,542,0,7,535
14-169-010,886,592,0,592,0,1,591
14-169-011,776,492,0,492,0,0,492
14-169-012,781,537,0,537,0,6,531
14-169-013,831,462,0,462,0,5,457
14-169-014,811,531,0,531,0,2,529
14-169-015,740,443,0,437,-6,2,435
14-169-016,756,391,0,391,0,1,390
14-169-017,1048,567,0,546,-21,8,538
14-169-018,970,532,0,524,-8,2,522
14-169-019,1036,710,0,710,0,2,708
14-169-020,890,621,0,621,0,5,616
14-169-021,899,588,0,587,-1,4,583
14-169-022,955,679,0,670,-9,5,665
14-169-023,959,583,0,583,0,5,578
14-169-024,986,655,0,655,0,4,651
14-169-025,928,598,0,597,-1,4,593
14-169-026,844,531,0,530,-1,3,527
14-169-027,888,509,0,509,0,3,506
14-169-028,817,583,0,583,0,3,580
14-169-029,1109,641,0,641,0,6,635
14-169-030,957,662,0,661,-1,2,659
14-170-001,1406,780,0,778,-2,6,772
14-171-001,763,462,0,462,0,10,452
14-172-001,700,436,0,436,0,7,429
14-172-002,800,491,0,489,-2,8,481
14-173-001,391,296,0,296,0,5,291
14-174-001,954,597,0,596,-1,11,585
14-174-002,960,652,0,652,0,10,642
14-175-001,921,469,0,469,0,9,460
14-175-002,834,447,0,447,0,5,442
14-176-001,590,345,0,345,0,5,340
14-176-002,595,312,0,311,-1,6,305
14-177-001,623,346,0,346,0,3,343
14-177-002,608,356,0,356,0,0,356
14-177-003,601,372,0,371,-1,3,368
14-177-004,580,344,0,344,0,2,342
14-177-005,673,381,0,381,0,2,379
14-177-006,672,398,0,396,-2,8,388
14-177-007,674,328,0,328,0,1,327
14-177-008,608,306,0,306,0,1,305
14-177-009,640,312,0,312,0,0,312
14-177-010,622,341,0,341,0,2,339
14-177-011,609,314,0,314,0,1,313
14-177-012,721,372,1,371,-1,0,371
14-177-013,737,356,0,355,-1,6,349
14-177-014,765,431,0,431,0,0,431
14-177-015,837,519,1,519,0,2,517
14-177-016,623,378,0,378,0,1,377
14-177-017,663,375,0,375,0,6,369
14-177-018,617,359,0,359,0,5,354
14-177-019,829,459,1,458,-1,4,454
14-177-020,813,446,0,446,0,4,442
14-177-021,740,341,0,341,0,3,338
14-177-022,828,437,0,437,0,2,435
14-177-023,778,366,0,366,0,4,362
14-177-024,808,434,0,434,0,1,433
14-178-001,1088,618,0,618,0,5,613
14-178-002,888,502,0,502,0,2,500
14-178-003,935,598,3,595,-3,5,590
14-178-004,1017,686,0,686,0,9,677
14-178-005,939,525,0,525,0,4,521
14-178-006,1065,625,0,626,1,17,609
14-178-007,962,645,0,646,1,13,633
14-178-008,1151,777,0,777,0,5,772
14-178-009,939,632,0,631,-1,10,621
14-178-010,911,633,0,632,-1,2,630
14-178-011,888,571,1,571,0,1,570
14-178-012,923,597,0,597,0,2,595
14-178-013,1014,602,0,601,-1,3,598
14-178-014,926,514,0,514,0,8,506
14-178-015,926,571,0,571,0,4,567
14-178-016,1027,558,0,558,0,2,556
14-179-001,957,669,0,669,0,6,663
14-179-002,1118,734,0,733,-1,3,730
14-179-003,1080,742,0,740,-2,9,731
14-180-001,1058,507,0,507,0,0,507
14-181-001,801,571,0,572,1,19,553
14-181-002,644,410,0,410,0,7,403
14-182-001,1048,798,0,797,-1,8,789
14-183-001,1290,889,0,888,-1,13,875
14-183-002,1267,753,0,753,0,5,748
14-183-003,907,592,0,592,0,5,587
14-183-004,1001,636,0,636,0,2,634
14-184-001,954,528,0,525,-3,8,517
14-184-002,1053,587,0,587,0,9,578
14-185-001,822,442,0,442,0,11,431
14-185-002,870,510,0,508,-2,7,501
14-186-001,818,612,0,613,1,17,596
14-187-001,1110,595,0,595,0,10,585
14-187-002,995,530,0,531,1,16,515
14-187-003,980,532,0,532,0,5,527
14-187-004,1046,506,0,506,0,2,504
15-001-001,186,115,0,115,0,7,108
15-002-001,671,406,0,407,1,13,394
15-002-002,99,64,0,64,0,0,64
15-003-001,768,442,0,442,0,12,430
15-003-002,986,577,0,577,0,9,568
15-004-001,651,439,0,436,-3,9,427
15-004-002,521,349,0,349,0,3,346
15-005-001,140,95,0,95,0,3,92
15-006-001,959,651,0,651,0,16,635
15-007-001,965,626,0,625,-1,8,617
15-007-002,744,419,0,419,0,3,416
15-007-003,795,491,0,491,0,3,488
15-007-004,863,516,0,516,0,5,511
15-007-005,794,525,0,524,-1,6,518
15-007-006,551,305,0,305,0,5,300
15-008-001,1082,728,0,728,0,16,712
15-009-001,901,603,0,591,-12,5,586
15-009-002,892,597,0,597,0,13,584
15-009-003,112,76,0,76,0,1,75
15-010-001,1100,820,0,819,-1,9,810
15-010-002,1033,729,0,729,0,8,721
15-011-001,705,437,0,437,0,3,434
15-011-002,714,411,0,411,0,3,408
15-012-001,816,505,0,505,0,8,497
15-012-002,867,574,0,574,0,7,567
15-012-003,795,501,0,501,0,7,494
15-012-004,698,472,0,470,-2,7,463
15-012-005,877,563,0,563,0,5,558
15-013-001,691,433,0,433,0,5,428
15-014-001,452,288,0,288,0,4,284
15-015-001,766,523,0,523,0,6,517
15-015-002,560,324,0,324,0,3,321
15-015-003,523,316,0,316,0,7,309
15-015-004,552,353,0,353,0,2,351
15-016-001,938,673,1,673,0,8,665
15-016-002,904,616,0,616,0,9,607
15-017-001,775,502,1,500,-2,5,495
15-017-002,677,459,0,459,0,4,455
15-018-001,641,388,0,388,0,7,381
15-018-002,600,326,0,326,0,5,321
15-019-001,349,258,0,258,0,2,256
15-020-001,937,484,0,484,0,3,481
15-020-002,836,468,0,468,0,3,465
15-020-003,559,295,0,296,1,12,284
15-020-004,1086,531,0,531,0,10,521
15-020-005,969,443,0,444,1,14,430
15-020-006,1124,658,0,656,-2,8,648
15-020-007,1032,554,0,553,-1,2,551
15-020-008,1072,544,0,538,-6,1,537
15-020-009,486,297,0,297,0,4,293
15-020-010,246,119,0,119,0,1,118
15-021-001,611,415,0,415,0,7,408
15-022-001,624,383,0,383,0,9,374
15-023-001,471,243,0,243,0,7,236
15-024-001,903,578,0,577,-1,17,560
15-025-001,291,209,0,209,0,8,201
15-026-001,410,331,0,331,0,8,323
15-027-001,830,511,0,511,0,14,497
15-027-002,1006,562,0,562,0,14,548
15-028-001,277,214,0,214,0,3,211
15-029-001,302,195,0,195,0,1,194
15-030-001,326,246,0,246,0,10,236
15-031-001,536,370,0,370,0,6,364
15-032-001,183,128,0,128,0,3,125
15-033-001,882,529,0,528,-1,18,510
15-033-002,857,501,0,502,1,18,484
15-034-001,371,280,0,280,0,9,271
15-035-001,581,331,0,331,0,8,323
15-035-002,385,214,0,214,0,6,208
15-036-001,200,138,0,138,0,7,131
15-037-001,207,139,0,138,-1,2,136
15-038-001,173,120,0,120,0,1,119
15-039-001,569,419,0,419,0,8,411
15-039-002,583,426,0,421,-5,9,412
15-040-001,330,209,0,209,0,4,205
15-041-001,218,134,0,134,0,4,130
15-042-001,730,446,0,446,0,17,429
15-043-001,212,161,0,161,0,0,161
15-044-001,556,332,0,332,0,2,330
15-044-002,669,332,0,332,0,4,328
15-044-003,735,430,0,428,-2,5,423
15-044-004,777,482,0,478,-4,7,471
15-044-005,580,353,0,353,0,5,348
15-044-006,554,298,0,298,0,8,290
15-045-001,117,85,0,85,0,4,81
15-046-001,685,387,0,387,0,15,372
15-047-001,125,91,0,91,0,6,85
15-048-001,171,94,0,94,0,2,92
15-049-001,143,98,0,98,0,5,93
15-050-001,129,67,0,67,0,0,67
15-051-001,279,139,0,139,0,3,136
15-052-001,94,62,0,60,-2,1,59
15-053-001,249,135,0,135,0,5,130
15-054-001,1053,653,0,653,0,10,643
15-054-002,1048,696,0,696,0,5,691
15-054-003,1127,723,0,721,-2,4,717
15-054-004,1064,632,0,630,-2,3,627
15-055-001,63,44,0,44,0,1,43
15-056-001,69,54,0,54,0,1,53
15-057-001,229,139,0,139,0,8,131
15-058-001,446,194,0,193,-1,3,190
15-058-002,93,40,0,40,0,2,38
15-059-001,176,134,0,134,0,4,130
15-060-001,294,151,0,151,0,2,149
15-061-001,559,376,0,376,0,10,366
15-061-002,76,46,0,46,0,1,45
15-062-001,367,209,0,209,0,2,207
15-062-002,471,247,0,247,0,9,238
15-063-001,782,591,0,591,0,16,575
15-064-001,235,162,0,162,0,2,160
15-065-001,169,75,0,75,0,1,74
15-066-001,275,187,0,187,0,3,184
15-067-001,517,364,0,364,0,12,352
15-068-001,289,176,0,176,0,6,170
15-069-001,255,201,0,201,0,7,194
15-070-001,199,144,0,144,0,2,142
15-071-001,908,498,0,496,-2,8,488
15-072-001,193,116,1,114,-2,8,106
15-073-001,813,320,0,320,0,5,315
15-074-001,47,32,0,32,0,0,32
15-075-001,1135,812,0,812,0,18,794
15-076-001,360,192,0,192,0,2,190
15-077-001,999,497,0,497,0,10,487
15-078-001,897,520,0,520,0,8,512
15-079-001,354,228,0,228,0,10,218
15-080-001,489,312,0,312,0,2,310
15-081-001,955,553,0,552,-1,6,546
15-082-001,653,367,0,367,0,5,362
15-082-002,627,396,0,396,0,13,383
15-082-003,614,369,0,369,0,7,362
15-083-001,510,328,0,328,0,5,323
15-084-001,635,406,0,405,-1,19,386
15-084-002,593,370,1,369,-1,4,365
15-085-001,73,56,0,56,0,2,54
15-086-001,355,178,0,178,0,9,169
15-087-001,226,114,0,114,0,0,114
15-088-001,677,414,0,414,0,4,410
15-088-002,619,383,0,383,0,3,380
15-088-003,626,402,0,400,-2,9,391
15-089-001,817,566,0,566,0,11,555
15-090-001,576,403,0,402,-1,4,398
15-091-001,856,457,1,457,0,5,452
15-091-002,805,492,0,492,0,2,490
15-091-003,903,425,0,423,-2,1,422
15-091-004,802,424,0,423,-1,0,423
15-091-005,895,472,0,471,-1,2,469
15-091-006,976,591,0,591,0,3,588
15-091-007,817,460,0,459,-1,2,457
15-091-008,910,462,0,460,-2,0,460
15-091-009,693,316,0,316,0,1,315
15-091-010,638,336,0,336,0,2,334
15-091-011,651,364,0,364,0,3,361
15-091-012,871,457,0,456,-1,1,455
15-091-013,701,319,0,319,0,1,318
15-091-014,841,480,0,480,0,2,478
15-091-015,874,562,0,561,-1,7,554
15-091-016,851,502,0,502,0,10,492
15-091-017,948,597,0,597,0,2,595
15-091-018,888,532,0,533,1,13,520
15-091-019,623,305,0,304,-1,2,302
15-091-020,598,281,0,281,0,2,279
15-091-021,963,573,1,573,0,2,571
15-091-022,1024,532,0,530,-2,2,528
15-091-023,1139,734,0,733,-1,5,728
15-091-024,931,460,0,459,-1,2,457
15-091-025,874,472,0,472,0,5,467
15-091-026,675,402,0,402,0,0,402
15-091-027,649,340,0,340,0,2,338
15-091-028,601,319,0,318,-1,0,318
15-091-029,694,341,0,340,-1,4,336
15-091-030,1002,529,0,529,0,5,524
15-091-031,894,497,0,497,0,5,492
15-091-032,748,371,0,370,-1,2,368
15-091-033,821,438,0,438,0,3,435
15-091-034,708,407,0,407,0,1,406
15-091-035,686,436,1,435,-1,3,432
15-091-036,791,331,0,330,-1,0,330
15-091-037,868,463,0,463,0,2,461
15-091-038,829,483,0,483,0,2,481
15-091-039,1000,528,0,528,0,7,521
15-091-040,861,533,0,533,0,1,532
15-091-041,868,602,0,602,0,0,602
15-091-042,735,488,0,488,0,0,488
15-091-043,808,554,0,554,0,6,548
15-091-044,765,468,0,468,0,1,467
15-091-045,711,421,0,421,0,0,421
15-091-046,749,460,0,460,0,1,459
15-091-047,714,467,0,467,0,6,461
15-091-048,685,454,3,438,-16,5,433
15-091-049,676,414,0,414,0,2,412
15-091-050,739,407,0,407,0,3,404
15-091-051,790,348,0,347,-1,1,346
15-091-052,1106,646,0,646,0,6,640
15-091-053,768,413,0,413,0,4,409
15-091-054,1019,424,0,424,0,5,419
15-091-055,889,328,0,326,-2,10,316
15-091-056,729,435,0,435,0,2,433
15-091-057,1101,632,0,631,-1,1,630
15-091-058,858,397,0,397,0,1,396
15-091-059,969,686,0,686,0,5,681
15-092-001,511,349,0,348,-1,9,339
15-092-002,621,406,0,406,0,3,403
15-093-001,147,81,0,81,0,3,78
15-094-001,76,61,0,61,0,3,58
15-095-001,222,152,0,152,0,7,145
15-096-001,420,269,0,268,-1,13,255
15-097-001,352,141,0,141,0,1,140
15-098-001,44,32,0,32,0,0,32
15-099-001,272,200,0,200,0,2,198
15-100-001,279,178,0,178,0,8,170
15-101-001,440,308,0,308,0,8,300
15-102-001,557,286,0,286,0,5,281
15-102-002,506,296,0,296,0,6,290
15-102-003,590,336,0,336,0,9,327
15-103-001,128,85,0,84,-1,2,82
15-104-001,269,178,0,178,0,6,172
15-105-001,277,166,0,166,0,3,163
15-106-001,116,72,0,72,0,3,69
15-107-001,157,81,0,81,0,3,78
15-108-001,717,413,0,413,0,10,403
15-109-001,149,109,0,109,0,2,107
15-110-001,411,213,0,213,0,5,208
15-111-001,275,128,0,127,-1,10,117
15-111-002,130,88,0,88,0,2,86
15-112-001,1200,776,0,776,0,16,760
15-113-001,481,321,0,318,-3,8,310
15-113-002,525,285,0,285,0,5,280
15-114-001,462,202,0,202,0,7,195
15-115-001,391,260,0,260,0,12,248
15-116-001,769,447,0,447,0,21,426
15-116-002,675,440,0,440,0,13,427
15-117-001,541,402,0,400,-2,8,392
15-117-002,574,394,0,392,-2,10,382
15-118-001,766,494,0,493,-1,7,486
15-118-002,704,426,0,425,-1,7,418
15-118-003,841,488,0,487,-1,5,482
15-119-001,24,21,0,21,0,1,20
15-120-001,156,116,0,115,-1,4,111
15-121-001,489,334,0,334,0,6,328
15-121-002,148,109,0,109,0,0,109
15-122-001,483,265,0,265,0,4,261
15-123-001,976,531,0,531,0,6,525
15-123-002,165,102,0,102,0,2,100
15-123-003,903,560,0,560,0,5,555
15-123-004,1183,657,0,657,0,4,653
15-123-005,1091,687,0,687,0,9,678
15-123-006,1087,711,1,710,-1,6,704
15-123-007,1083,659,0,659,0,5,654
15-123-008,752,444,0,444,0,6,438
15-123-009,1077,574,0,570,-4,7,563
15-123-010,378,255,0,255,0,2,253
15-123-011,53,24,0,24,0,0,24
15-123-012,260,134,0,134,0,0,134
15-124-001,538,315,0,315,0,6,309
15-124-002,461,240,0,240,0,3,237
15-124-003,94,48,0,48,0,1,47
15-125-001,607,333,0,333,0,7,326
15-125-002,388,259,0,259,0,6,253
15-126-001,915,466,0,466,0,9,457
15-127-001,455,296,0,296,0,7,289
15-128-001,149,114,0,114,0,4,110
15-129-001,701,433,0,433,0,6,427
15-130-001,201,82,0,82,0,2,80
15-130-002,991,573,0,572,-1,5,567
15-130-003,973,521,0,521,0,10,511
15-130-004,998,479,0,478,-1,11,467
15-130-005,1050,662,0,662,0,4,658
15-130-006,1058,657,0,657,0,21,636
15-130-007,1090,643,0,643,0,8,635
15-130-008,1027,590,0,588,-2,8,580
15-130-009,866,439,0,439,0,3,436
15-131-001,820,495,0,495,0,7,488
15-131-002,777,471,0,471,0,15,456
15-131-003,828,375,0,375,0,6,369
15-132-001,1085,491,0,491,0,10,481
15-133-001,1100,675,0,674,-1,16,658
15-134-001,271,174,0,174,0,0,174
15-135-001,373,280,0,279,-1,11,268
15-136-001,285,134,0,134,0,2,132
15-137-001,452,264,0,264,0,13,251
15-138-001,499,410,0,410,0,13,397
15-139-001,101,64,0,64,0,4,60
15-140-001,432,289,0,286,-3,7,279
15-141-001,464,263,0,263,0,6,257
15-142-001,263,152,0,152,0,4,148
15-143-001,465,307,0,307,0,5,302
15-144-001,636,364,1,363,-1,6,357
15-145-001,552,345,0,342,-3,11,331
15-146-001,543,320,0,320,0,9,311
15-146-002,574,340,0,339,-1,7,332
15-147-001,610,428,0,426,-2,13,413
15-148-001,90,53,0,53,0,3,50
15-148-002,274,181,0,181,0,2,179
15-149-001,200,115,0,115,0,4,111
15-150-001,232,176,0,176,0,6,170
15-151-001,52,38,0,38,0,0,38
15-152-001,208,147,0,147,0,5,142
15-153-001,228,159,0,159,0,3,156
15-154-001,116,91,0,91,0,1,90
15-155-001,395,215,0,215,0,2,213
15-156-001,173,113,0,113,0,2,111
15-157-001,153,104,0,104,0,1,103
15-158-001,219,163,0,163,0,0,163
15-159-001,60,42,0,42,0,0,42
15-160-001,145,74,0,74,0,2,72
15-161-001,459,339,0,339,0,3,336
15-161-002,125,97,0,97,0,0,97
15-162-001,325,196,0,195,-1,7,188
15-163-001,368,242,0,242,0,1,241
15-164-001,144,125,0,125,0,9,116
15-165-001,119,92,0,92,0,2,90
15-166-001,277,172,0,171,-1,4,167
15-167-001,211,164,0,164,0,7,157
15-168-001,27,21,0,21,0,0,21
15-169-001,800,494,0,494,0,9,485
15-169-002,825,452,0,452,0,6,446
15-170-001,410,291,0,291,0,1,290
15-171-001,320,189,0,189,0,3,186
15-172-001,853,393,0,393,0,11,382
15-172-002,957,529,0,529,0,18,511
15-173-001,109,63,0,63,0,2,61
15-174-001,307,208,0,208,0,3,205
15-175-001,363,216,0,216,0,4,212
15-175-002,802,504,0,504,0,1,503
15-175-003,545,331,0,331,0,2,329
15-175-004,682,394,0,394,0,5,389
15-175-005,662,391,2,388,-3,3,385
15-175-006,834,553,0,553,0,3,550
15-175-007,1032,636,0,636,0,4,632
15-175-008,967,630,0,629,-1,5,624
15-175-009,611,406,0,407,1,15,392
15-175-010,935,551,0,550,-1,5,545
15-175-011,933,599,0,599,0,1,598
15-175-012,612,410,0,410,0,4,406
15-175-013,833,472,0,472,0,5,467
15-175-014,862,509,0,509,0,2,507
15-175-015,714,474,0,472,-2,6,466
15-175-016,844,552,0,550,-2,4,546
15-175-017,836,460,0,459,-1,11,448
15-175-018,1039,638,0,636,-2,6,630
15-175-019,1269,725,0,723,-2,18,705
15-175-020,1315,765,0,765,0,2,763
15-175-021,1245,777,0,777,0,7,770
15-175-022,311,187,1,187,0,2,185
15-175-023,935,566,1,564,-2,3,561
15-175-024,903,576,0,575,-1,4,571
15-176-001,536,313,0,313,0,4,309
15-177-001,557,300,0,300,0,3,297
15-178-001,312,159,0,159,0,6,153
15-179-001,105,68,0,69,1,8,61
15-180-001,140,129,0,129,0,4,125
15-181-001,477,354,0,354,0,16,338
15-181-002,123,96,0,96,0,3,93
15-182-001,389,308,1,308,0,8,300
15-183-001,83,62,0,62,0,0,62
15-184-001,112,64,0,63,-1,0,63
15-185-001,114,74,0,74,0,3,71
15-186-001,142,98,0,98,0,1,97
15-187-001,381,192,0,192,0,4,188
15-188-001,312,117,0,116,-1,2,114
15-189-001,543,268,0,268,0,4,264
15-189-002,671,326,0,326,0,4,322
15-190-001,388,203,0,202,-1,3,199
15-191-001,486,271,0,271,0,7,264
15-192-001,988,486,0,486,0,12,474
15-193-001,84,73,0,73,0,2,71
15-194-001,493,328,0,328,0,8,320
15-195-001,516,345,0,345,0,3,342
15-196-001,534,358,0,358,0,9,349
15-196-002,680,453,0,452,-1,16,436
15-197-001,367,215,0,215,0,3,212
15-198-001,433,249,0,247,-2,2,245
15-198-002,420,213,0,213,0,3,210
15-199-001,571,443,1,441,-2,17,424
15-200-001,724,472,0,472,0,10,462
15-200-002,456,283,0,283,0,7,276
15-200-003,94,63,0,63,0,0,63
15-201-001,246,135,0,135,0,5,130
15-201-002,164,120,0,120,0,1,119
15-202-001,214,105,0,105,0,0,105
15-203-001,433,280,0,280,0,6,274
15-204-001,592,448,0,448,0,6,442
15-205-001,153,121,0,121,0,0,121
15-206-001,588,435,0,435,0,4,431
15-207-001,310,240,0,240,0,14,226
15-208-001,256,188,0,188,0,4,184
15-209-001,84,46,0,46,0,4,42
15-210-001,366,237,0,237,0,7,230
15-211-001,228,136,0,136,0,1,135
15-212-001,148,87,0,87,0,2,85
15-213-001,78,56,0,56,0,0,56
15-214-001,454,315,0,315,0,6,309
15-215-001,193,125,0,125,0,3,122
15-216-001,455,295,0,295,0,3,292
15-216-002,554,362,0,362,0,13,349
15-217-001,479,347,0,347,0,13,334
15-218-001,650,320,0,320,0,10,310
15-218-002,643,343,0,343,0,4,339
15-218-003,635,340,0,340,0,4,336
15-218-004,707,430,0,429,-1,4,425
15-218-005,704,458,0,458,0,2,456
15-219-001,414,275,0,275,0,2,273
15-220-001,440,319,0,319,0,5,314
15-220-002,456,334,0,334,0,12,322
15-221-001,713,394,0,394,0,7,387
15-221-002,767,395,1,395,0,5,390
15-222-001,266,162,0,162,0,0,162
15-223-001,143,107,0,107,0,7,100
15-224-001,327,206,0,206,0,3,203
15-225-001,99,62,0,62,0,4,58
15-226-001,171,105,0,105,0,0,105
15-227-001,178,139,0,141,2,24,117
15-228-001,345,163,0,163,0,5,158
15-229-001,80,68,0,68,0,0,68
15-229-002,94,79,0,79,0,2,77
15-230-001,102,76,0,76,0,0,76
15-231-001,347,236,0,236,0,7,229
15-232-001,567,224,0,224,0,4,220
15-233-001,174,118,0,118,0,3,115
15-234-001,143,109,0,109,0,5,104
15-235-001,423,310,0,310,0,16,294
15-236-001,336,217,0,217,0,2,215
15-237-001,198,138,0,138,0,3,135
15-238-001,1064,701,0,701,0,8,693
15-238-002,1172,783,0,783,0,15,768
15-239-001,380,262,0,262,0,7,255
15-239-002,489,345,0,345,0,9,336
15-240-001,269,175,0,175,0,7,168
15-241-001,406,240,0,238,-2,7,231
15-242-001,193,106,0,106,0,1,105
15-243-001,340,216,0,216,0,11,205
15-244-001,348,253,0,252,-1,0,252
15-245-001,417,219,0,219,0,9,210
15-246-001,1313,954,1,952,-2,9,943
16-001-001,948,710,0,710,0,15,695
16-001-002,858,658,0,657,-1,9,648
16-001-003,1095,800,0,801,1,39,762
16-002-001,787,530,0,530,0,8,522
16-002-002,739,436,0,436,0,5,431
16-003-001,602,372,0,372,0,12,360
16-003-002,608,329,0,330,1,14,316
16-003-003,659,367,0,367,0,8,359
16-004-001,720,418,0,418,0,8,410
16-004-002,740,460,0,460,0,9,451
16-005-001,734,544,0,542,-2,10,532
16-005-002,833,596,0,591,-5,6,585
16-005-003,1115,873,0,871,-2,16,855
16-006-001,802,494,0,493,-1,9,484
16-006-002,950,555,0,555,0,14,541
16-006-003,1071,631,0,631,0,12,619
16-006-004,325,157,0,157,0,4,153
16-006-005,583,287,0,287,0,7,280
16-006-006,982,502,1,501,-1,14,487
16-007-001,581,309,0,309,0,11,298
16-008-001,758,469,0,469,0,13,456
16-009-001,525,378,0,378,0,11,367
16-010-001,364,243,0,243,0,0,243
16-011-001,722,478,0,478,0,18,460
16-012-001,629,322,0,322,0,10,312
16-013-001,602,473,0,473,0,5,468
16-014-001,572,348,0,347,-1,4,343
16-015-001,738,378,0,378,0,11,367
16-016-001,1048,564,0,564,0,11,553
16-017-001,627,342,0,342,0,6,336
16-018-001,573,383,0,384,1,23,361
16-018-002,583,398,0,396,-2,12,384
16-018-003,584,345,0,343,-2,10,333
16-018-004,598,329,1,328,-1,12,316
16-019-001,649,425,0,425,0,8,417
16-019-002,607,378,0,378,0,11,367
16-019-003,596,374,0,372,-2,14,358
16-020-001,517,339,0,339,0,5,334
16-021-001,417,261,0,261,0,6,255
16-022-001,479,303,0,303,0,6,297
16-023-001,293,203,0,203,0,8,195
16-024-001,556,405,0,405,0,4,401
16-025-001,722,330,0,330,0,2,328
16-025-002,751,402,0,402,0,4,398
16-025-003,901,490,0,489,-1,9,480
16-025-004,701,405,0,405,0,7,398
16-025-005,811,440,0,440,0,6,434
16-026-001,657,424,0,423,-1,12,411
16-027-001,606,434,0,433,-1,9,424
16-028-001,109,74,0,74,0,2,72
16-029-001,600,410,0,410,0,13,397
16-029-002,886,579,1,580,1,22,558
16-029-003,884,566,0,563,-3,13,550
16-029-004,644,428,0,428,0,8,420
16-029-005,195,123,0,123,0,6,117
16-030-001,984,567,0,567,0,19,548
16-030-002,1028,652,0,651,-1,14,637
16-030-003,855,555,0,554,-1,16,538
16-031-001,889,407,0,407,0,8,399
16-031-002,827,444,0,444,0,18,426
16-032-001,655,426,0,426,0,12,414
16-032-002,727,458,0,457,-1,19,438
16-033-001,831,421,0,420,-1,15,405
16-034-001,616,337,0,337,0,9,328
16-034-002,704,391,0,391,0,9,382
16-035-001,480,240,0,240,0,2,238
16-035-002,698,388,0,388,0,6,382
16-035-003,165,80,0,80,0,1,79
16-036-001,922,545,0,544,-1,8,536
16-036-002,854,560,0,560,0,4,556
16-036-003,779,436,0,436,0,3,433
16-036-004,836,517,0,517,0,2,515
16-036-005,898,601,0,601,0,10,591
16-036-006,937,561,0,561,0,8,553
16-036-007,906,458,0,457,-1,3,454
16-037-001,995,545,0,545,0,3,542
16-037-002,971,510,0,510,0,0,510
16-038-001,349,247,0,247,0,6,241
16-039-001,272,182,0,182,0,5,177
16-040-001,637,351,0,351,0,8,343
16-041-001,122,91,0,91,0,4,87
16-042-001,866,485,0,485,0,9,476
16-042-002,875,467,0,466,-1,8,458
16-042-003,846,412,0,411,-1,11,400
16-043-001,448,296,0,295,-1,12,283
16-044-001,642,462,0,461,-1,16,445
16-045-001,723,474,0,474,0,11,463
16-045-002,656,433,0,433,0,9,424
16-046-001,381,264,0,263,-1,3,260
16-047-001,783,390,0,390,0,7,383
16-047-002,700,335,0,335,0,11,324
16-048-001,777,459,0,459,0,13,446
16-049-001,107,69,0,69,0,5,64
16-050-001,1194,560,0,560,0,21,539
16-051-001,750,504,0,504,0,8,496
16-051-002,801,481,0,479,-2,19,460
16-052-001,240,177,0,177,0,6,171
16-053-001,941,577,0,577,0,10,567
16-054-001,209,115,0,115,0,3,112
16-055-001,236,155,0,155,0,5,150
16-056-001,874,533,0,532,-1,10,522
16-056-002,709,409,0,409,0,5,404
16-056-003,748,458,0,458,0,15,443
16-057-001,926,449,0,449,0,9,440
16-057-002,963,526,0,526,0,18,508
16-057-003,1024,525,0,524,-1,14,510
16-057-004,1136,552,0,552,0,11,541
16-057-005,898,447,0,446,-1,29,417
16-057-006,202,96,0,96,0,3,93
16-058-001,917,580,0,579,-1,8,571
16-059-001,622,467,0,466,-1,4,462
16-060-001,1359,815,0,813,-2,10,803
16-061-001,1009,669,0,669,0,12,657
16-062-001,625,435,0,435,0,18,417
16-063-001,581,307,0,307,0,5,302
16-063-002,724,366,1,365,-1,10,355
16-063-003,580,332,0,332,0,5,327
16-063-004,801,404,0,403,-1,7,396
16-063-005,232,122,0,122,0,1,121
16-064-001,682,461,0,461,0,7,454
16-064-002,609,382,0,382,0,9,373
16-064-003,158,109,0,109,0,4,105
16-065-001,714,457,0,457,0,18,439
16-065-002,864,513,0,510,-3,17,493
16-066-001,1114,632,0,632,0,13,619
16-066-002,882,519,0,519,0,9,510
16-066-003,811,454,0,454,0,5,449
16-066-004,954,543,0,543,0,15,528
16-067-001,761,517,0,517,0,17,500
16-067-002,791,504,0,504,0,19,485
16-068-001,570,390,0,389,-1,3,386
16-068-002,550,354,0,354,0,8,346
16-069-001,240,204,0,204,0,8,196
16-070-001,771,491,0,491,0,15,476
16-071-001,47,43,0,42,-1,1,41
16-072-001,1217,923,0,911,-12,32,879
16-073-001,226,158,0,158,0,3,155
16-074-001,472,373,0,373,0,23,350
16-075-001,431,285,0,284,-1,5,279
16-076-001,802,414,0,414,0,12,402
16-077-001,612,298,0,297,-1,2,295
16-077-002,872,436,0,435,-1,4,431
16-077-003,712,399,0,399,0,2,397
16-077-004,909,513,0,513,0,11,502
16-077-005,1016,537,0,537,0,8,529
16-077-006,667,408,0,408,0,6,402
16-077-007,804,383,0,383,0,5,378
16-077-008,927,526,0,526,0,0,526
16-077-009,753,429,0,429,0,6,423
16-077-010,805,505,0,505,0,2,503
16-077-011,805,539,0,539,0,6,533
16-077-012,614,381,0,383,2,24,359
16-077-013,837,454,0,454,0,11,443
16-077-014,772,430,0,430,0,4,426
16-077-015,772,430,0,430,0,9,421
16-077-016,740,419,0,419,0,4,415
16-078-001,922,588,0,588,0,9,579
16-078-002,599,362,0,361,-1,5,356
16-078-003,696,461,0,461,0,10,451
16-079-001,158,131,0,132,1,8,124
16-080-001,1021,633,0,633,0,11,622
16-081-001,1231,784,0,784,0,17,767
16-081-002,1160,731,0,730,-1,5,725
16-081-003,1216,743,0,741,-2,11,730
16-082-001,1047,655,0,655,0,24,631
16-083-001,429,292,0,292,0,10,282
16-084-001,733,460,0,460,0,13,447
16-085-001,762,348,0,348,0,8,340
16-085-002,729,369,0,367,-2,5,362
16-085-003,791,360,0,360,0,17,343
16-086-001,671,394,0,394,0,8,386
16-087-001,376,274,0,274,0,3,271
16-088-001,225,154,0,154,0,5,149
16-089-001,693,300,0,300,0,5,295
16-090-001,240,163,0,163,0,3,160
16-091-001,667,427,0,427,0,7,420
16-091-002,740,442,0,442,0,17,425
16-091-003,930,490,0,490,0,8,482
16-091-004,767,496,0,496,0,15,481
16-092-001,778,545,0,545,0,15,530
16-092-002,779,453,0,453,0,14,439
16-093-001,497,276,0,276,0,6,270
16-094-001,1095,637,0,635,-2,9,626
16-094-002,672,396,0,396,0,4,392
16-094-003,668,386,0,385,-1,4,381
16-094-004,714,426,0,426,0,1,425
16-094-005,726,376,0,376,0,4,372
16-094-006,806,446,0,444,-2,1,443
16-094-007,765,381,0,381,0,3,378
16-094-008,648,365,0,365,0,3,362
16-094-009,823,429,0,429,0,4,425
16-094-010,756,434,0,434,0,3,431
16-094-011,803,397,0,396,-1,3,393
16-094-012,925,477,0,477,0,4,473
16-094-013,748,439,0,439,0,4,435
16-094-014,731,386,0,386,0,2,384
16-094-015,906,557,0,557,0,3,554
16-094-016,911,590,0,590,0,6,584
16-095-001,238,149,0,149,0,6,143
16-096-001,798,401,0,401,0,4,397
16-097-001,533,410,0,409,-1,7,402
16-098-001,1073,625,0,625,0,11,614
16-098-002,595,383,0,382,-1,17,365
16-099-001,706,527,0,525,-2,13,512
16-100-001,503,268,0,267,-1,11,256
16-101-001,892,460,0,458,-2,21,437
16-101-002,206,96,0,96,0,2,94
16-101-003,108,55,0,55,0,1,54
16-102-001,805,357,0,357,0,16,341
16-102-002,818,377,0,376,-1,6,370
16-103-001,760,438,0,437,-1,5,432
16-103-002,728,425,0,424,-1,14,410
16-103-003,795,455,0,455,0,3,452
16-103-004,772,436,0,436,0,8,428
16-103-005,867,455,0,454,-1,34,420
16-103-006,760,445,0,445,0,6,439
16-104-001,710,436,0,436,0,7,429
16-104-002,761,473,0,473,0,6,467
16-104-003,786,444,0,444,0,8,436
16-104-004,833,475,0,475,0,15,460
16-104-005,438,263,0,263,0,4,259
16-104-006,806,467,0,466,-1,21,445
16-105-001,103,71,0,71,0,6,65
16-106-001,966,595,0,577,-18,4,573
16-106-002,947,546,0,543,-3,3,540
16-106-003,918,533,0,531,-2,8,523
16-106-004,860,521,0,521,0,4,517
16-106-005,918,558,0,558,0,11,547
16-106-006,1011,632,0,632,0,18,614
16-106-007,879,558,0,556,-2,9,547
16-106-008,961,650,0,650,0,4,646
16-107-001,415,249,0,249,0,6,243
16-108-001,1140,769,0,769,0,9,760
16-109-001,931,555,0,555,0,8,547
16-109-002,975,553,0,553,0,24,529
16-109-003,1130,553,0,550,-3,6,544
16-110-001,713,442,0,442,0,8,434
16-111-001,92,74,0,74,0,3,71
16-112-001,1284,688,0,679,-9,132,547
16-112-002,1133,669,0,668,-1,10,658
16-112-003,1076,585,0,585,0,17,568
16-112-004,1068,697,0,697,0,3,694
16-112-005,1079,697,0,697,0,2,695
16-112-006,1234,876,0,876,0,9,867
16-112-007,1162,693,0,690,-3,12,678
16-112-008,1042,631,0,631,0,7,624
16-113-001,668,422,0,421,-1,11,410
16-113-002,806,515,0,515,0,10,505
16-113-003,609,421,0,420,-1,10,410
16-114-001,897,738,0,738,0,15,723
16-114-002,736,605,0,605,0,15,590
16-114-003,805,627,0,627,0,6,621
16-115-001,590,331,0,331,0,4,327
16-115-002,847,525,0,524,-1,10,514
16-115-003,819,526,0,526,0,7,519
16-116-001,1084,682,0,682,0,12,670
16-116-002,613,380,1,378,-2,6,372
16-117-001,955,703,0,703,0,16,687
16-118-001,437,264,0,264,0,1,263
16-119-001,1005,489,0,489,0,3,486
16-119-002,955,580,0,580,0,3,577
16-119-003,743,395,0,395,0,4,391
16-119-004,1069,623,0,623,0,3,620
16-119-005,1083,667,0,661,-6,2,659
16-119-006,893,507,0,506,-1,6,500
16-119-007,804,511,0,511,0,6,505
16-119-008,909,544,0,543,-1,1,542
16-119-009,812,425,0,425,0,0,425
16-119-010,811,489,0,489,0,3,486
16-119-011,924,489,0,489,0,2,487
16-119-012,727,367,0,366,-1,0,366
16-119-013,852,390,0,390,0,1,389
16-119-014,906,522,0,521,-1,4,517
16-119-015,1035,665,0,665,0,2,663
16-119-016,1127,704,0,703,-1,4,699
16-119-017,845,562,0,562,0,2,560
16-119-018,755,544,0,544,0,7,537
16-119-019,1054,519,0,519,0,1,518
16-119-020,814,439,0,439,0,3,436
16-119-021,672,374,0,374,0,1,373
16-119-022,1087,644,0,643,-1,6,637
16-119-023,881,509,0,509,0,2,507
16-119-024,963,521,0,521,0,0,521
16-119-025,832,451,0,451,0,4,447
16-119-026,755,376,0,376,0,1,375
16-119-027,680,345,0,344,-1,4,340
16-119-028,1129,771,0,768,-3,8,760
16-119-029,788,445,1,443,-2,2,441
16-119-030,991,559,0,558,-1,3,555
16-119-031,792,433,0,433,0,0,433
16-119-032,843,563,0,563,0,4,559
16-119-033,726,460,0,460,0,0,460
16-119-034,701,439,0,439,0,0,439
16-119-035,854,460,0,460,0,4,456
16-119-036,808,442,0,442,0,3,439
16-119-037,854,554,0,554,0,1,553
16-119-038,868,542,0,542,0,5,537
16-119-039,727,316,0,314,-2,4,310
16-119-040,1164,691,0,691,0,5,686
16-119-041,1160,619,0,619,0,2,617
16-119-042,1135,626,0,625,-1,1,624
16-119-043,1166,683,0,683,0,6,677
16-119-044,902,510,0,508,-2,2,506
16-119-045,678,424,0,424,0,3,421
16-119-046,799,408,0,406,-2,4,402
16-119-047,803,548,0,548,0,2,546
16-119-048,991,524,0,524,0,1,523
16-119-049,609,254,0,254,0,5,249
16-119-050,805,389,0,389,0,3,386
16-119-051,907,425,0,425,0,5,420
16-119-052,823,427,0,427,0,3,424
16-119-053,689,319,0,319,0,2,317
16-119-054,1093,592,0,592,0,4,588
16-119-055,853,472,0,471,-1,3,468
16-119-056,699,422,0,422,0,6,416
16-119-057,956,535,0,535,0,1,534
16-119-058,796,501,0,501,0,2,499
16-119-059,807,503,0,502,-1,2,500
16-119-060,680,440,0,440,0,1,439
16-119-061,837,403,0,403,0,0,403
16-119-062,1148,690,0,690,0,6,684
16-119-063,1008,514,0,514,0,4,510
16-119-064,1018,496,0,496,0,2,494
16-119-065,932,419,0,419,0,1,418
16-119-066,899,474,0,474,0,1,473
16-119-067,899,469,0,469,0,2,467
16-119-068,953,531,0,531,0,2,529
16-119-069,981,473,0,473,0,2,471
16-119-070,972,627,0,627,0,4,623
16-119-071,1159,770,0,770,0,2,768
16-119-072,832,386,0,386,0,6,380
16-119-073,1079,732,0,732,0,4,728
16-119-074,1046,726,0,727,1,16,711
16-119-075,1092,619,0,619,0,3,616
16-119-076,596,271,0,270,-1,11,259
16-119-077,581,251,0,249,-2,1,248
16-119-078,616,360,0,360,0,1,359
16-119-079,1125,679,0,678,-1,4,674
16-119-080,975,517,0,516,-1,2,514
16-119-081,1196,536,0,535,-1,3,532
16-119-082,864,466,0,466,0,3,463
16-119-083,638,255,0,255,0,5,250
16-119-084,1132,650,0,650,0,6,644
16-119-085,1012,613,0,613,0,1,612
16-119-086,1065,428,0,428,0,2,426
16-119-087,830,507,0,507,0,4,503
16-119-088,871,493,1,491,-2,8,483
16-119-089,1019,595,0,594,-1,4,590
16-119-090,1032,555,0,555,0,1,554
16-119-091,1186,612,0,612,0,2,610
16-119-092,825,386,0,386,0,1,385
16-119-093,1315,848,0,848,0,7,841
16-119-094,1199,803,0,803,0,8,795
16-119-095,954,544,0,544,0,3,541
16-119-096,1149,711,0,709,-2,4,705
16-119-097,847,495,0,495,0,4,491
16-119-098,819,472,0,472,0,7,465
16-119-099,1000,603,0,603,0,7,596
16-119-100,665,329,0,329,0,1,328
16-119-101,1090,595,1,594,-1,2,592
16-120-001,692,505,0,503,-2,20,483
16-120-002,174,123,0,123,0,5,118
16-121-001,690,423,0,423,0,6,417
16-121-002,811,517,0,517,0,19,498
16-122-001,875,518,0,518,0,21,497
16-123-001,663,486,0,485,-1,7,478
16-124-001,767,471,0,467,-4,8,459
16-124-002,1011,696,0,694,-2,18,676
16-125-001,715,507,0,507,0,17,490
16-125-002,730,502,0,500,-2,22,478
16-126-001,619,449,0,448,-1,14,434
16-127-001,550,341,0,341,0,7,334
16-128-001,785,516,0,516,0,4,512
16-128-002,970,681,0,681,0,10,671
16-128-003,341,227,0,227,0,8,219
16-129-001,736,436,0,435,-1,19,416
16-129-002,690,419,0,417,-2,22,395
16-129-003,736,476,0,476,0,22,454
16-129-004,743,487,0,487,0,19,468
16-129-005,752,498,0,497,-1,10,487
16-130-001,1097,735,0,734,-1,4,730
16-130-002,991,655,0,651,-4,9,642
16-131-001,710,469,0,468,-1,10,458
16-131-002,735,525,0,519,-6,12,507
16-132-001,665,445,0,445,0,8,437
16-133-001,713,389,0,389,0,6,383
16-133-002,692,390,0,390,0,2,388
16-133-003,802,453,0,453,0,6,447
16-133-004,909,480,0,480,0,1,479
16-134-001,616,481,0,480,-1,24,456
16-135-001,824,372,0,372,0,5,367
16-135-002,687,303,0,303,0,6,297
16-136-001,881,449,0,449,0,5,444
16-136-002,1043,542,0,542,0,7,535
16-136-003,1112,439,0,439,0,3,436
16-136-004,743,244,0,243,-1,2,241
16-136-005,1084,381,0,381,0,8,373
16-136-006,706,398,0,398,0,7,391
16-137-001,838,427,0,427,0,11,416
16-138-001,803,458,0,444,-14,10,434
16-138-002,792,400,0,400,0,7,393
16-139-001,805,530,0,530,0,6,524
16-139-002,716,501,0,500,-1,16,484
16-140-001,539,349,0,348,-1,10,338
16-141-001,222,138,0,138,0,5,133
16-142-001,1003,636,0,634,-2,18,616
16-142-002,1039,642,0,640,-2,27,613
16-143-001,959,629,0,629,0,7,622
16-143-002,1193,711,0,711,0,29,682
16-144-001,621,421,0,421,0,16,405
16-144-002,679,424,0,424,0,13,411
16-145-001,358,234,0,234,0,12,222
16-146-001,637,377,1,377,0,12,365
16-146-002,536,326,0,326,0,5,321
16-147-001,436,307,0,307,0,3,304
16-148-001,734,504,0,504,0,11,493
16-148-002,745,493,0,493,0,14,479
16-149-001,649,490,0,490,0,16,474
16-150-001,900,530,0,529,-1,24,505
16-151-001,726,454,0,454,0,10,444
16-151-002,889,516,0,516,0,6,510
16-151-003,621,424,0,421,-3,8,413
16-152-001,561,306,0,306,0,3,303
16-153-001,798,625,0,621,-4,24,597
16-154-001,598,341,0,341,0,12,329
16-155-001,683,445,0,445,0,5,440
16-155-002,631,434,0,432,-2,6,426
16-156-001,619,441,0,442,1,18,424
16-156-002,668,483,0,483,0,6,477
16-157-001,687,370,0,370,0,9,361
16-157-002,659,305,0,305,0,5,300
16-157-003,630,282,3,280,-2,1,279
16-158-001,620,404,0,404,0,4,400
16-158-002,627,383,0,383,0,9,374
16-159-001,1091,712,0,711,-1,15,696
16-160-001,620,438,0,438,0,9,429
16-160-002,822,528,0,528,0,7,521
16-160-003,749,421,0,421,0,10,411
16-160-004,643,402,0,402,0,4,398
16-160-005,780,485,0,485,0,12,473
16-161-001,1076,632,0,631,-1,12,619
16-162-001,114,99,0,99,0,10,89
16-163-001,816,555,0,555,0,28,527
16-164-001,914,661,0,661,0,24,637
16-165-001,528,329,0,329,0,7,322
16-166-001,1140,770,0,769,-1,9,760
16-167-001,639,354,0,354,0,14,340
16-168-001,283,197,0,197,0,4,193
16-169-001,890,621,0,621,0,8,613
16-170-001,541,283,0,283,0,3,280
16-170-002,567,263,0,263,0,4,259
16-171-001,811,471,0,471,0,10,461
16-171-002,616,391,0,391,0,8,383
16-171-003,651,393,0,393,0,13,380
16-172-001,415,274,0,274,0,4,270
16-173-001,335,217,0,217,0,3,214
16-174-001,312,232,0,232,0,4,228
16-175-001,571,303,0,301,-2,12,289
16-176-001,600,464,1,462,-2,5,457
16-176-002,825,554,0,554,0,13,541
16-177-001,235,180,0,180,0,6,174
16-178-001,313,222,0,222,0,8,214
16-179-001,583,387,0,387,0,8,379
16-179-002,607,388,0,388,0,7,381
16-180-001,765,491,0,491,0,23,468
16-181-001,916,431,0,431,0,11,420
16-181-002,927,537,0,537,0,17,520
16-182-001,296,224,1,224,0,3,221
16-183-001,554,421,0,421,0,9,412
16-184-001,783,518,0,518,0,16,502
16-185-001,910,416,0,416,0,6,410
16-186-001,508,342,0,340,-2,13,327
16-187-001,1015,602,0,602,0,18,584
16-188-001,713,327,0,325,-2,11,314
16-188-002,641,358,0,358,0,10,348
16-189-001,744,268,0,268,0,5,263
16-189-002,725,232,0,232,0,5,227
16-190-001,194,149,0,149,0,1,148
16-191-001,530,327,2,323,-4,8,315
16-191-002,540,367,0,367,0,9,358
16-191-003,557,372,0,371,-1,10,361
16-192-001,517,292,0,291,-1,5,286
16-192-002,676,399,0,399,0,10,389
16-192-003,736,416,0,415,-1,18,397
16-192-004,110,70,0,70,0,6,64
16-193-001,717,468,0,467,-1,4,463
16-193-002,655,378,0,377,-1,1,376
16-193-003,364,250,0,250,0,4,246
16-193-004,101,68,0,68,0,3,65
16-194-001,561,353,0,353,0,12,341
16-194-002,637,455,0,455,0,29,426
16-195-001,707,422,0,422,0,5,417
16-196-001,606,379,0,378,-1,4,374
16-197-001,886,550,0,550,0,5,545
16-197-002,975,551,0,549,-2,5,544
16-197-003,790,458,0,456,-2,9,447
16-197-004,954,560,0,559,-1,6,553
16-197-005,338,126,0,126,0,2,124
16-197-006,200,107,0,107,0,4,103
16-198-001,506,363,0,363,0,11,352
16-199-001,577,341,0,341,0,14,327
16-199-002,597,398,0,397,-1,2,395
16-199-003,288,123,0,123,0,1,122
16-200-001,401,261,0,261,0,25,236
16-201-001,769,496,0,496,0,5,491
16-202-001,926,570,0,570,0,13,557
16-203-001,580,385,0,385,0,17,368
16-203-002,478,304,0,304,0,7,297
16-204-001,595,295,0,293,-2,23,270
16-204-002,574,289,0,289,0,12,277
16-204-003,1128,689,0,689,0,4,685
16-204-004,1204,624,0,624,0,11,613
16-204-005,671,420,0,420,0,6,414
16-204-006,552,312,0,312,0,3,309
16-204-007,1117,698,0,698,0,6,692
16-204-008,1124,722,1,721,-1,9,712
16-204-009,1208,770,0,766,-4,11,755
16-204-010,1246,866,0,865,-1,20,845
16-205-001,397,258,0,258,0,5,253
16-206-001,489,348,0,348,0,7,341
16-207-001,152,117,0,116,-1,2,114
16-208-001,567,322,0,322,0,4,318
16-208-002,623,323,0,323,0,3,320
16-208-003,709,331,0,331,0,5,326
16-209-001,694,412,0,412,0,5,407
16-209-002,624,381,0,381,0,11,370
16-209-003,576,316,0,317,1,12,305
16-210-001,897,585,0,580,-5,21,559
16-210-002,721,470,0,470,0,11,459
16-210-003,808,472,0,471,-1,6,465
16-211-001,554,410,0,410,0,9,401
16-212-001,507,393,0,393,0,5,388
16-213-001,505,331,0,331,0,6,325
16-213-002,521,369,0,369,0,6,363
16-213-003,479,326,0,326,0,11,315
16-214-001,466,273,0,273,0,6,267
16-215-001,386,312,0,311,-1,9,302
16-216-001,509,361,0,361,0,9,352
16-217-001,1227,849,0,849,0,6,843
16-217-002,1356,899,0,899,0,10,889
16-217-003,1153,706,0,706,0,10,696
16-217-004,1395,844,0,843,-1,12,831
16-217-005,1287,809,1,808,-1,12,796
16-217-006,1088,667,0,667,0,7,660
16-217-007,1150,669,0,669,0,12,657
16-217-008,1263,689,0,688,-1,12,676
16-218-001,751,525,0,525,0,18,507
16-219-001,970,623,0,622,-1,18,604
16-219-002,966,602,0,600,-2,18,582
16-219-003,763,520,0,520,0,7,513
16-220-001,608,333,0,333,0,6,327
16-220-002,688,346,0,346,0,3,343
16-221-001,994,559,0,559,0,11,548
16-222-001,444,303,0,303,0,6,297
16-223-001,413,285,0,285,0,8,277
16-224-001,647,312,0,312,0,2,310
16-224-002,873,484,0,483,-1,4,479
16-224-003,1083,641,0,640,-1,12,628
16-224-004,799,376,0,375,-1,3,372
16-224-005,816,456,0,456,0,3,453
16-224-006,566,301,0,301,0,6,295
16-224-007,786,436,0,436,0,4,432
16-224-008,971,469,0,469,0,9,460
16-224-009,160,80,0,80,0,0,80
16-225-001,331,202,0,202,0,3,199
16-226-001,911,574,0,573,-1,9,564
16-226-002,913,541,0,541,0,10,531
16-226-003,757,466,0,466,0,9,457
16-226-004,822,494,0,494,0,10,484
16-227-001,317,210,0,210,0,6,204
16-228-001,547,342,0,342,0,6,336
16-229-001,741,538,0,538,0,21,517
17-001-001,553,420,0,419,-1,15,404
17-002-001,552,371,0,370,-1,6,364
17-003-001,382,256,0,255,-1,7,248
17-003-002,421,294,0,294,0,8,286
17-004-001,611,384,0,383,-1,11,372
17-005-001,593,371,0,370,-1,9,361
17-005-002,614,381,0,381,0,8,373
17-006-001,306,240,0,240,0,12,228
17-007-001,986,578,0,578,0,6,572
17-007-002,929,572,0,572,0,19,553
17-007-003,1042,649,0,647,-2,19,628
17-007-004,1061,560,0,560,0,19,541
17-007-005,1028,591,0,590,-1,23,567
17-008-001,212,138,0,138,0,0,138
17-009-001,349,259,0,256,-3,10,246
17-010-001,873,369,0,369,0,11,358
17-010-002,821,349,0,348,-1,11,337
17-011-001,658,377,0,381,4,35,346
17-011-002,611,389,1,387,-2,7,380
17-011-003,613,382,0,382,0,8,374
17-011-004,624,361,0,360,-1,6,354
17-011-005,605,406,0,406,0,6,400
17-011-006,641,443,0,443,0,7,436
17-011-007,611,359,0,359,0,7,352
17-011-008,628,392,0,392,0,4,388
17-011-009,599,346,0,346,0,3,343
17-011-010,594,368,0,368,0,6,362
17-011-011,641,384,2,384,0,3,381
17-011-012,649,404,0,404,0,4,400
17-011-013,660,425,0,425,0,5,420
17-011-014,615,419,0,419,0,1,418
17-011-015,903,517,0,516,-1,5,511
17-011-016,255,116,0,116,0,2,114
17-011-017,107,53,0,53,0,0,53
17-012-001,362,227,0,227,0,3,224
17-013-001,740,433,0,430,-3,6,424
17-013-002,723,426,0,426,0,12,414
17-013-003,680,386,0,385,-1,10,375
17-014-001,742,448,1,447,-1,7,440
17-015-001,211,118,0,118,0,4,114
17-016-001,642,260,0,260,0,9,251
17-017-001,786,445,1,444,-1,12,432
17-017-002,129,77,0,77,0,0,77
17-018-001,809,457,0,457,0,7,450
17-018-002,778,451,0,448,-3,5,443
17-018-003,815,490,1,487,-3,8,479
17-018-004,750,411,0,410,-1,10,400
17-019-001,249,139,0,139,0,2,137
17-020-001,721,364,0,364,0,4,360
17-020-002,751,397,0,397,0,7,390
17-020-003,783,438,0,438,0,10,428
17-020-004,854,414,0,406,-8,6,400
17-020-005,609,404,0,404,0,5,399
17-020-006,509,278,0,278,0,4,274
17-020-007,493,292,0,292,0,3,289
17-020-008,734,466,0,461,-5,16,445
17-020-009,781,435,0,435,0,6,429
17-020-010,855,505,0,503,-2,6,497
17-020-011,740,428,0,428,0,3,425
17-020-012,533,204,0,204,0,5,199
17-020-013,692,382,0,382,0,3,379
17-020-014,573,346,0,346,0,6,340
17-020-015,662,387,0,387,0,1,386
17-020-016,707,445,0,445,0,1,444
17-020-017,649,398,0,398,0,10,388
17-020-018,628,368,0,368,0,1,367
17-020-019,713,371,0,371,0,4,367
17-020-020,654,322,0,322,0,7,315
17-020-021,169,40,0,40,0,2,38
17-020-022,590,316,0,316,0,4,312
17-021-001,538,300,0,300,0,6,294
17-021-002,441,234,0,234,0,8,226
17-021-003,498,218,0,218,0,2,216
17-022-001,1070,588,0,588,0,4,584
17-022-002,1037,657,0,657,0,12,645
17-022-003,813,437,0,437,0,9,428
17-022-004,740,309,0,309,0,5,304
17-022-005,804,403,0,403,0,5,398
17-022-006,1137,585,0,585,0,18,567
17-022-007,1066,545,0,545,0,12,533
17-023-001,598,411,0,412,1,26,386
17-023-002,766,509,0,509,0,18,491
17-023-003,606,364,0,364,0,10,354
17-024-001,198,130,0,130,0,3,127
17-025-001,514,312,0,312,0,11,301
17-026-001,780,318,0,318,0,7,311
17-026-002,794,291,0,291,0,9,282
17-026-003,841,429,0,429,0,7,422
17-026-004,778,441,0,441,0,9,432
17-027-001,563,305,0,305,0,3,302
17-028-001,456,335,0,335,0,3,332
17-029-001,820,485,0,481,-4,13,468
17-030-001,499,190,0,190,0,4,186
17-031-001,969,493,0,493,0,13,480
17-032-001,131,86,0,86,0,0,86
17-033-001,719,466,0,465,-1,12,453
17-033-002,704,438,0,437,-1,18,419
17-034-001,521,376,0,373,-3,9,364
17-035-001,791,536,0,534,-2,18,516
17-036-001,602,390,0,389,-1,14,375
17-037-001,665,398,0,398,0,11,387
17-038-001,753,490,0,490,0,11,479
17-038-002,690,432,0,430,-2,23,407
17-038-003,713,444,0,444,0,16,428
17-039-001,650,322,1,322,0,8,314
17-039-002,724,416,0,416,0,15,401
17-039-003,621,340,0,340,0,15,325
17-040-001,370,212,0,212,0,4,208
17-041-001,179,112,0,112,0,2,110
17-042-001,853,354,0,354,0,10,344
17-043-001,689,391,0,390,-1,9,381
17-043-002,636,371,0,371,0,1,370
17-044-001,102,77,0,68,-9,0,68
17-045-001,527,318,0,318,0,7,311
17-045-002,156,79,0,79,0,3,76
17-046-001,956,538,0,538,0,17,521
17-046-002,312,142,0,142,0,1,141
17-047-001,151,93,0,93,0,1,92
17-048-001,525,364,0,364,0,8,356
17-049-001,573,379,0,379,0,6,373
17-050-001,273,212,0,212,0,11,201
17-051-001,245,155,0,155,0,3,152
17-052-001,248,140,0,140,0,5,135
17-053-001,274,188,0,188,0,5,183
17-054-001,918,632,0,632,0,29,603
17-055-001,248,172,0,171,-1,4,167
17-056-001,504,291,0,291,0,11,280
17-056-002,532,274,0,274,0,2,272
17-056-003,61,31,0,31,0,0,31
17-057-001,875,482,0,482,0,23,459
17-058-001,107,82,0,82,0,7,75
17-059-001,382,251,0,251,0,11,240
17-060-001,758,525,0,525,0,12,513
17-060-002,741,471,0,471,0,14,457
17-061-001,805,462,0,462,0,12,450
17-062-001,489,327,0,327,0,11,316
17-062-002,94,60,0,60,0,2,58
17-063-001,236,185,0,171,-14,5,166
17-064-001,502,345,0,344,-1,6,338
17-064-002,75,47,0,47,0,1,46
17-065-001,265,192,0,192,0,6,186
17-066-001,280,200,0,200,0,3,197
17-067-001,333,204,0,203,-1,4,199
17-068-001,51,48,0,48,0,0,48
17-069-001,602,378,0,380,2,28,352
17-069-002,688,433,0,433,0,14,419
17-069-003,728,393,0,393,0,15,378
17-070-001,53,22,0,22,0,0,22
17-070-002,753,388,0,388,0,11,377
17-071-001,879,496,0,496,0,13,483
17-071-002,924,552,0,552,0,11,541
17-072-001,305,193,0,193,0,3,190
17-073-001,652,461,0,459,-2,7,452
17-074-001,123,101,0,101,0,0,101
17-075-001,410,255,0,253,-2,2,251
17-076-001,652,338,0,337,-1,12,325
17-076-002,662,333,0,333,0,7,326
17-077-001,615,384,0,384,0,4,380
17-077-002,605,366,0,366,0,4,362
17-078-001,746,488,0,488,0,12,476
17-078-002,579,348,0,348,0,5,343
17-078-003,587,310,0,310,0,9,301
17-079-001,803,587,0,586,-1,11,575
17-079-002,1001,622,0,622,0,9,613
17-079-003,927,660,0,659,-1,2,657
17-079-004,1003,648,0,648,0,1,647
17-079-005,966,649,0,647,-2,11,636
17-079-006,903,607,0,607,0,10,597
17-079-007,990,672,0,672,0,2,670
17-079-008,997,666,0,665,-1,6,659
17-079-009,773,470,0,470,0,6,464
17-079-010,767,440,0,441,1,17,424
17-079-011,899,576,0,576,0,8,568
17-079-012,725,455,0,455,0,4,451
17-079-013,974,658,0,657,-1,7,650
17-079-014,919,532,0,532,0,8,524
17-079-015,866,551,0,549,-2,14,535
17-079-016,290,159,0,159,0,1,158
17-079-017,267,152,0,152,0,0,152
17-080-001,634,275,0,275,0,7,268
17-080-002,405,173,0,173,0,6,167
17-080-003,72,42,0,42,0,0,42
17-081-001,1024,653,0,652,-1,12,640
17-081-002,740,448,0,449,1,16,433
17-082-001,448,234,0,234,0,4,230
17-083-001,774,476,0,475,-1,16,459
17-084-001,835,512,0,512,0,19,493
17-085-001,426,316,0,314,-2,5,309
17-086-001,577,385,0,386,1,21,365
17-086-002,187,108,0,108,0,1,107
17-086-003,65,44,0,44,0,1,43
17-087-001,948,496,0,496,0,13,483
17-087-002,1065,610,0,610,0,12,598
17-087-003,1055,581,0,579,-2,6,573
17-088-001,546,360,0,360,0,12,348
17-088-002,480,303,0,303,0,10,293
17-089-001,159,113,0,113,0,3,110
17-090-001,573,387,0,381,-6,9,372
17-090-002,450,221,0,219,-2,7,212
17-091-001,629,364,0,364,0,12,352
17-092-001,506,336,0,336,0,9,327
17-093-001,173,104,0,104,0,4,100
17-094-001,520,312,0,312,0,8,304
17-094-002,583,322,0,322,0,6,316
17-094-003,574,259,0,258,-1,3,255
17-095-001,1126,594,0,592,-2,8,584
17-095-002,651,419,0,419,0,2,417
17-095-003,694,424,0,424,0,5,419
17-095-004,738,474,0,474,0,2,472
17-095-005,291,98,0,98,0,0,98
17-095-006,537,344,0,344,0,2,342
17-095-007,549,326,0,326,0,0,326
17-095-008,616,377,0,377,0,4,373
17-095-009,463,329,0,329,0,4,325
17-095-010,681,454,0,454,0,4,450
17-095-011,1098,670,0,670,0,6,664
17-095-012,625,358,0,358,0,2,356
17-095-013,466,302,0,302,0,3,299
17-095-014,450,252,0,251,-1,3,248
17-095-015,491,305,0,305,0,4,301
17-095-016,466,276,0,276,0,3,273
17-095-017,501,269,0,269,0,1,268
17-095-018,520,314,0,314,0,3,311
17-095-019,717,404,0,403,-1,1,402
17-095-020,792,506,0,506,0,4,502
17-095-021,541,381,0,381,0,5,376
17-095-022,479,287,0,287,0,3,284
17-095-023,509,301,0,301,0,1,300
17-095-024,489,307,0,307,0,2,305
17-095-025,478,304,0,304,0,2,302
17-095-026,552,350,0,350,0,3,347
17-095-027,584,349,0,348,-1,1,347
17-095-028,559,306,0,307,1,10,297
17-095-029,578,290,0,290,0,3,287
17-095-030,738,397,0,394,-3,3,391
17-095-031,551,332,0,332,0,5,327
17-095-032,625,330,0,330,0,5,325
17-095-033,596,367,0,367,0,3,364
17-095-034,703,458,0,458,0,2,456
17-095-035,616,370,0,370,0,5,365
17-095-036,727,498,0,498,0,2,496
17-095-037,923,530,0,529,-1,4,525
17-095-038,870,630,0,631,1,12,619
17-095-039,990,598,0,598,0,6,592
17-096-001,238,119,0,119,0,2,117
17-096-002,957,533,0,532,-1,4,528
17-096-003,853,429,0,428,-1,8,420
17-096-004,796,483,0,482,-1,4,478
17-096-005,1020,658,0,658,0,14,644
17-096-006,682,419,0,418,-1,6,412
17-096-007,252,123,0,123,0,2,121
17-096-008,909,607,0,607,0,6,601
17-096-009,565,271,0,271,0,4,267
17-097-001,637,297,0,297,0,4,293
17-097-002,289,107,1,106,-1,3,103
17-097-003,210,73,0,73,0,1,72
17-097-004,599,261,0,261,0,12,249
17-098-001,536,267,0,267,0,3,264
17-098-002,513,251,0,251,0,10,241
17-099-001,1119,509,0,509,0,9,500
17-099-002,1179,623,0,622,-1,6,616
17-099-003,1000,539,0,539,0,4,535
17-099-004,1184,684,0,684,0,10,674
17-099-005,1157,669,0,669,0,10,659
17-099-006,1114,643,0,643,0,8,635
17-099-007,987,595,0,590,-5,5,585
17-099-008,1110,589,0,589,0,6,583
17-100-001,788,457,0,457,0,16,441
17-101-001,236,155,0,155,0,5,150
17-102-001,210,163,0,163,0,5,158
17-103-001,268,157,0,157,0,0,157
17-104-001,624,436,0,436,0,20,416
17-105-001,934,595,0,595,0,13,582
17-106-001,98,83,0,83,0,3,80
17-107-001,203,126,0,126,0,3,123
17-108-001,609,439,0,439,0,9,430
17-108-002,448,278,0,278,0,6,272
17-108-003,468,313,0,311,-2,2,309
17-108-004,100,62,0,62,0,0,62
17-109-001,469,325,0,325,0,14,311
18-001-001,525,330,0,330,0,11,319
18-002-001,286,181,0,181,0,1,180
18-003-001,433,272,0,272,0,8,264
18-004-001,206,161,0,161,0,1,160
18-005-001,324,250,0,250,0,6,244
18-006-001,397,310,0,310,0,6,304
18-007-001,928,578,0,578,0,7,571
18-008-001,360,227,0,227,0,3,224
18-009-001,395,224,0,224,0,7,217
18-010-001,646,471,0,469,-2,8,461
18-011-001,191,171,0,171,0,1,170
18-012-001,297,206,0,206,0,3,203
18-013-001,230,168,0,168,0,3,165
18-014-001,310,188,0,188,0,4,184
18-015-001,272,173,0,173,0,11,162
18-016-001,569,376,0,376,0,8,368
18-017-001,473,310,0,310,0,4,306
18-018-001,717,352,0,352,0,8,344
18-018-002,654,316,0,316,0,5,311
18-018-003,763,464,0,464,0,9,455
18-018-004,622,387,0,387,0,11,376
18-019-001,232,169,0,169,0,5,164
18-020-001,1037,567,0,565,-2,11,554
18-020-002,912,632,0,631,-1,13,618
18-020-003,944,527,0,526,-1,14,512
18-020-004,987,653,0,653,0,15,638
18-020-005,1026,688,0,688,0,13,675
18-020-006,1054,672,0,672,0,8,664
18-020-007,865,479,0,479,0,10,469
18-020-008,1085,621,0,621,0,13,608
18-020-009,280,173,0,173,0,1,172
18-021-001,156,89,0,89,0,3,86
18-022-001,507,284,0,284,0,3,281
18-022-002,727,479,0,479,0,8,471
18-023-001,294,239,0,239,0,5,234
18-024-001,205,157,0,157,0,5,152
18-025-001,276,159,0,159,0,3,156
18-026-001,280,210,0,210,0,6,204
18-027-001,933,503,0,503,0,12,491
18-027-002,866,474,0,474,0,11,463
18-027-003,728,448,1,446,-2,10,436
18-028-001,578,378,0,378,0,8,370
18-029-001,288,220,0,220,0,2,218
18-030-001,274,188,0,188,0,4,184
18-031-001,681,306,0,306,0,3,303
18-032-001,81,69,1,68,-1,3,65
18-033-001,248,201,0,201,0,2,199
18-034-001,127,105,0,105,0,3,102
18-035-001,118,110,0,110,0,1,109
18-036-001,203,140,0,140,0,5,135
18-037-001,292,157,0,157,0,3,154
18-038-001,253,190,0,189,-1,2,187
18-039-001,460,321,0,321,0,4,317
18-040-001,1094,805,3,802,-3,17,785
18-041-001,398,220,0,219,-1,4,215
18-042-001,157,136,0,136,0,5,131
18-043-001,210,168,0,168,0,2,166
18-044-001,458,351,0,351,0,3,348
18-045-001,348,200,0,200,0,4,196
18-046-001,1127,767,0,766,-1,15,751
18-046-002,1038,662,0,662,0,15,647
18-047-001,566,388,0,388,0,7,381
18-048-001,884,460,0,460,0,10,450
18-049-001,245,166,0,166,0,4,162
18-050-001,129,85,0,85,0,1,84
18-051-001,906,580,0,579,-1,5,574
18-052-001,519,340,0,339,-1,5,334
18-053-001,72,62,0,62,0,0,62
18-054-001,210,129,0,129,0,2,127
18-055-001,156,124,0,124,0,4,120
18-056-001,604,341,0,341,0,9,332
18-057-001,126,98,0,98,0,0,98
18-058-001,110,72,0,70,-2,1,69
18-059-001,247,198,0,198,0,3,195
18-060-001,49,46,0,46,0,0,46
18-061-001,113,78,0,78,0,1,77
18-062-001,145,126,0,126,0,7,119
18-063-001,620,386,0,386,0,4,382
18-064-001,529,357,0,357,0,6,351
18-065-001,695,444,0,443,-1,6,437
18-065-002,635,415,0,415,0,5,410
18-066-001,34,32,0,32,0,0,32
18-067-001,85,63,0,63,0,2,61
18-068-001,400,262,0,262,0,3,259
18-069-001,1141,557,0,557,0,9,548
18-069-002,928,514,1,513,-1,11,502
18-070-001,411,251,0,251,0,6,245
18-071-001,675,357,0,357,0,8,349
18-071-002,583,339,0,339,0,5,334
18-071-003,695,362,0,362,0,5,357
18-072-001,160,131,0,131,0,5,126
18-073-001,277,219,0,219,0,2,217
18-074-001,839,509,0,509,0,17,492
18-075-001,365,290,0,290,0,5,285
18-076-001,73,65,0,65,0,1,64
18-077-001,79,62,0,62,0,3,59
18-078-001,719,516,0,516,0,13,503
18-079-001,414,246,0,246,0,6,240
18-080-001,315,162,0,162,0,2,160
18-081-001,428,274,0,274,0,7,267
18-082-001,172,132,0,132,0,4,128
18-083-001,183,120,0,120,0,2,118
18-084-001,213,139,0,139,0,2,137
18-085-001,680,456,0,455,-1,4,451
18-086-001,192,140,1,139,-1,2,137
18-087-001,62,54,0,54,0,2,52
18-088-001,95,61,0,61,0,1,60
18-089-001,141,121,0,121,0,3,118
18-090-001,189,131,1,130,-1,3,127
18-091-001,373,234,0,234,0,9,225
18-092-001,80,55,0,55,0,2,53
18-093-001,417,316,0,314,-2,10,304
18-094-001,231,180,0,180,0,5,175
18-095-001,956,646,0,642,-4,9,633
18-095-002,1011,648,0,648,0,11,637
18-095-003,982,697,0,697,0,7,690
18-095-004,1105,765,0,764,-1,6,758
18-095-005,1301,844,0,838,-6,16,822
18-095-006,1103,782,0,782,0,7,775
18-095-007,1013,711,0,711,0,14,697
18-095-008,338,214,0,214,0,5,209
18-095-009,670,495,1,494,-1,8,486
18-095-010,142,111,0,111,0,2,109
18-096-001,1130,668,0,668,0,10,658
18-096-002,1246,749,0,749,0,12,737
18-096-003,1063,617,0,616,-1,6,610
18-096-004,1148,613,0,613,0,3,610
18-096-005,1148,654,0,653,-1,9,644
18-096-006,1074,661,0,661,0,1,660
18-096-007,1125,601,0,600,-1,7,593
18-096-008,766,454,0,454,0,4,450
18-096-009,422,268,0,268,0,2,266
18-097-001,236,178,0,178,0,1,177
18-098-001,160,100,0,100,0,3,97
18-099-001,444,303,0,303,0,8,295
18-100-001,92,64,0,64,0,1,63
18-101-001,885,598,0,597,-1,9,588
18-102-001,632,458,0,457,-1,6,451
18-103-001,209,144,0,144,0,3,141
18-104-001,340,246,0,246,0,5,241
18-105-001,205,172,0,172,0,4,168
18-106-001,584,325,0,325,0,12,313
18-107-001,269,164,0,164,0,4,160
18-108-001,473,338,0,337,-1,10,327
18-109-001,130,107,0,107,0,6,101
18-110-001,182,133,0,133,0,0,133
18-111-001,167,119,0,119,0,5,114
18-112-001,249,189,0,189,0,3,186
18-113-001,350,185,0,185,0,2,183
18-114-001,211,150,0,150,0,4,146
18-115-001,127,81,0,81,0,1,80
18-116-001,100,84,0,84,0,0,84
18-117-001,206,153,0,153,0,2,151
18-118-001,756,515,0,514,-1,6,508
18-119-001,114,87,0,87,0,3,84
18-120-001,376,256,0,256,0,5,251
18-121-001,1082,723,0,723,0,9,714
18-122-001,1135,678,0,676,-2,10,666
18-123-001,525,372,0,371,-1,8,363
18-124-001,253,167,0,167,0,5,162
18-125-001,235,174,0,174,0,6,168
18-126-001,264,218,0,218,0,4,214
18-127-001,298,212,0,212,0,10,202
18-128-001,123,114,0,99,-15,3,96
18-129-001,26,20,0,20,0,1,19
18-130-001,219,136,0,136,0,8,128
18-131-001,439,318,0,318,0,5,313
18-132-001,273,223,0,223,0,6,217
18-133-001,320,192,0,192,0,4,188
18-134-001,66,50,0,50,0,1,49
18-135-001,624,353,0,353,0,5,348
18-136-001,501,301,0,301,0,8,293
18-137-001,80,50,0,50,0,1,49
18-138-001,554,366,0,366,0,8,358
18-139-001,172,139,0,139,0,0,139
18-140-001,923,665,0,665,0,15,650
18-141-001,351,245,0,245,0,5,240
18-142-001,247,212,0,212,0,7,205
18-143-001,236,162,0,162,0,3,159
18-144-001,617,358,0,358,0,4,354
18-145-001,519,400,0,400,0,8,392
18-146-001,365,269,0,269,0,1,268
18-147-001,178,151,0,151,0,3,148
18-148-001,133,94,0,93,-1,2,91
18-149-001,277,215,0,215,0,6,209
18-150-001,129,94,0,94,0,4,90
18-151-001,209,187,0,187,0,6,181
18-152-001,119,82,0,82,0,2,80
18-153-001,705,486,0,486,0,4,482
18-154-001,601,419,0,419,0,5,414
18-155-001,749,449,0,449,0,11,438
18-156-001,733,359,0,359,0,4,355
18-156-002,662,363,0,363,0,5,358
18-157-001,181,128,0,128,0,1,127
18-158-001,252,172,0,172,0,4,168
18-159-001,188,130,0,129,-1,1,128
18-160-001,623,399,0,399,0,5,394
18-160-002,753,511,0,511,0,3,508
18-160-003,691,465,0,465,0,6,459
18-161-001,108,68,0,68,0,1,67
18-162-001,309,204,0,204,0,4,200
18-163-001,957,497,0,497,0,12,485
18-164-001,245,201,0,201,0,5,196
18-165-001,379,196,0,196,0,0,196
18-166-001,67,51,0,51,0,4,47
18-167-001,764,477,0,477,0,6,471
18-167-002,519,307,0,306,-1,4,302
18-167-003,578,380,0,380,0,5,375
18-167-004,641,409,0,408,-1,2,406
18-167-005,37,27,0,27,0,0,27
18-167-006,652,401,0,401,0,2,399
18-167-007,601,384,0,383,-1,5,378
18-167-008,745,447,0,447,0,5,442
18-167-009,628,359,0,359,0,4,355
18-167-010,834,524,0,523,-1,7,516
18-167-011,598,331,0,331,0,2,329
18-167-012,632,381,0,381,0,3,378
18-167-013,712,384,0,384,0,1,383
18-167-014,787,503,0,503,0,7,496
18-167-015,802,456,0,456,0,2,454
18-167-016,892,588,0,588,0,13,575
18-167-017,607,345,0,345,0,3,342
18-167-018,111,63,0,63,0,0,63
18-168-001,1077,686,0,686,0,4,682
18-169-001,417,256,0,256,0,2,254
18-170-001,571,370,0,369,-1,3,366
18-171-001,319,228,0,228,0,5,223
18-171-002,135,89,0,89,0,2,87
18-171-003,80,36,0,36,0,0,36
18-172-001,192,116,0,116,0,0,116
18-173-001,643,437,0,437,0,4,433
18-174-001,520,303,0,303,0,4,299
18-175-001,623,456,0,456,0,9,447
18-176-001,43,41,0,41,0,2,39
18-177-001,298,214,0,213,-1,6,207
18-178-001,194,164,0,160,-4,5,155
18-179-001,189,157,0,157,0,4,153
18-180-001,52,40,0,40,0,1,39
18-181-001,532,377,0,377,0,11,366
18-182-001,279,179,0,179,0,3,176
18-183-001,490,304,0,304,0,6,298
18-183-002,631,383,0,383,0,15,368
18-183-003,722,435,0,433,-2,3,430
18-183-004,696,463,0,463,0,11,452
18-183-005,701,525,0,525,0,10,515
18-183-006,640,431,0,429,-2,6,423
18-183-007,624,433,0,433,0,6,427
18-183-008,381,253,0,253,0,2,251
18-183-009,661,488,0,488,0,6,482
18-183-010,226,153,0,153,0,2,151
18-183-011,326,231,0,231,0,4,227
18-183-012,278,179,0,179,0,3,176
18-183-013,57,37,0,37,0,0,37
18-184-001,815,544,0,543,-1,13,530
18-185-001,244,172,0,172,0,0,172
18-186-001,861,647,0,646,-1,7,639
18-186-002,1134,816,0,816,0,6,810
18-186-003,945,665,0,665,0,6,659
18-186-004,838,601,0,601,0,5,596
18-186-005,1100,772,0,772,0,4,768
18-186-006,911,584,0,584,0,4,580
18-186-007,929,672,0,671,-1,2,669
18-186-008,814,501,0,501,0,6,495
18-186-009,652,380,0,381,1,12,369
18-186-010,694,359,0,359,0,2,357
18-186-011,1184,795,0,800,5,56,744
18-186-012,763,482,0,482,0,4,478
18-186-013,934,626,0,626,0,4,622
18-186-014,830,541,0,540,-1,4,536
18-186-015,747,427,0,427,0,4,423
18-186-016,756,476,0,476,0,1,475
18-186-017,1288,924,0,922,-2,9,913
18-186-018,726,455,0,454,-1,11,443
18-186-019,694,422,0,422,0,7,415
18-186-020,803,507,0,507,0,10,497
18-186-021,801,491,0,491,0,3,488
18-186-022,762,488,0,488,0,4,484
18-186-023,704,507,0,507,0,4,503
18-186-024,778,393,0,393,0,4,389
18-186-025,772,446,0,445,-1,10,435
18-186-026,747,436,0,436,0,3,433
18-186-027,786,480,0,480,0,4,476
18-186-028,745,428,0,428,0,8,420
18-186-029,732,436,0,435,-1,5,430
18-186-030,898,520,0,520,0,1,519
18-186-031,675,355,0,355,0,4,351
18-186-032,663,354,0,354,0,1,353
18-186-033,883,547,0,547,0,0,547
18-186-034,828,537,0,537,0,8,529
18-186-035,1013,731,0,731,0,8,723
18-186-036,966,625,0,625,0,4,621
18-186-037,642,447,0,447,0,4,443
18-186-038,872,523,0,523,0,6,517
18-186-039,624,416,0,416,0,5,411
18-186-040,792,400,2,397,-3,4,393
18-186-041,876,548,0,547,-1,4,543
18-186-042,1074,722,0,722,0,3,719
18-186-043,646,421,0,421,0,1,420
18-186-044,1217,856,1,854,-2,10,844
18-186-045,1143,743,0,736,-7,6,730
18-186-046,750,502,0,502,0,3,499
18-186-047,848,561,0,561,0,2,559
18-186-048,611,440,0,439,-1,5,434
18-186-049,791,451,0,451,0,5,446
18-186-050,720,434,0,432,-2,7,425
18-186-051,742,490,0,490,0,10,480
18-186-052,799,503,0,503,0,9,494
18-186-053,1153,762,0,761,-1,7,754
18-186-054,708,438,0,438,0,6,432
18-186-055,1228,808,0,807,-1,5,802
18-186-056,1209,895,0,895,0,11,884
18-186-057,1151,833,0,833,0,8,825
18-186-058,729,488,0,487,-1,5,482
18-186-059,1022,559,0,558,-1,10,548
18-186-060,1129,740,0,739,-1,3,736
18-186-061,677,479,0,478,-1,8,470
18-186-062,848,600,0,600,0,3,597
18-186-063,625,445,0,445,0,1,444
18-186-064,570,384,0,385,1,14,371
18-186-065,824,570,0,570,0,8,562
18-186-066,702,447,0,447,0,2,445
18-186-067,871,636,0,636,0,4,632
18-186-068,650,443,0,443,0,3,440
18-186-069,793,574,0,574,0,11,563
18-186-070,830,565,0,565,0,4,561
18-186-071,436,291,0,291,0,0,291
18-186-072,634,420,0,420,0,3,417
18-186-100,177,148,0,148,0,0,148
18-187-001,268,180,0,180,0,1,179
18-188-001,637,452,0,452,0,8,444
18-189-001,1124,691,0,690,-1,13,677
18-189-002,982,648,0,647,-1,16,631
18-190-001,384,283,0,283,0,6,277
18-191-001,290,227,0,227,0,7,220
18-192-001,253,223,0,223,0,8,215
18-193-001,242,173,0,173,0,5,168
18-194-001,882,549,1,548,-1,10,538
18-194-002,700,369,0,368,-1,14,354
18-195-001,242,202,0,202,0,11,191
18-196-001,391,191,0,191,0,4,187
18-196-002,297,143,0,143,0,0,143
18-197-001,262,172,0,172,0,2,170
18-198-001,340,263,0,263,0,3,260
18-199-001,290,187,0,187,0,3,184
18-200-001,303,234,0,234,0,3,231
18-201-001,266,194,0,194,0,3,191
18-202-001,618,484,0,484,0,7,477
18-203-001,283,211,0,211,0,5,206
18-204-001,467,296,0,296,0,0,296
18-204-002,630,415,0,415,0,10,405
18-205-001,336,239,0,239,0,0,239
18-206-001,592,366,0,365,-1,3,362
18-206-002,608,379,0,379,0,7,372
18-206-003,663,383,0,383,0,4,379
18-206-004,669,427,0,427,0,8,419
18-206-005,643,370,0,370,0,9,361
18-206-006,101,64,0,64,0,3,61
18-206-007,51,40,0,40,0,2,38
18-207-001,251,198,0,198,0,7,191
18-208-001,285,198,0,198,0,7,191
18-209-001,533,338,0,338,0,13,325
18-210-001,326,228,0,228,0,7,221
18-211-001,72,59,0,59,0,1,58
18-212-001,700,348,0,347,-1,6,341
18-212-002,650,349,0,349,0,9,340
18-212-003,660,419,0,419,0,10,409
18-212-004,653,405,0,405,0,10,395
18-213-001,225,192,0,192,0,2,190
18-214-001,568,409,0,409,0,9,400
18-215-001,85,70,0,70,0,2,68
18-216-001,181,139,0,139,0,4,135
19-001-001,645,352,0,352,0,14,338
19-002-001,293,161,0,161,0,6,155
19-003-001,881,481,0,481,0,1,480
19-003-002,979,587,0,586,-1,4,582
19-003-003,663,408,1,409,1,16,393
19-003-004,1024,650,0,650,0,4,646
19-003-005,647,318,0,318,0,4,314
19-003-006,773,376,0,376,0,7,369
19-003-007,558,268,0,268,0,5,263
19-003-008,761,440,0,439,-1,9,430
19-003-009,824,354,0,354,0,10,344
19-003-010,742,397,0,397,0,4,393
19-003-011,670,379,0,379,0,3,376
19-003-012,879,423,0,423,0,7,416
19-003-013,567,285,0,285,0,3,282
19-003-014,918,490,0,490,0,8,482
19-003-015,680,323,0,324,1,16,308
19-003-016,683,335,0,335,0,6,329
19-003-017,600,329,0,329,0,1,328
19-003-018,815,493,0,493,0,4,489
19-003-019,779,469,0,469,0,4,465
19-003-020,702,448,0,449,1,9,440
19-003-021,804,437,0,437,0,6,431
19-003-022,954,542,0,541,-1,3,538
19-003-023,781,394,0,394,0,3,391
19-003-024,417,198,0,197,-1,3,194
19-003-025,896,605,0,605,0,8,597
19-003-026,941,628,0,626,-2,7,619
19-003-027,805,338,0,338,0,1,337
19-003-028,571,318,0,318,0,4,314
19-003-029,927,438,0,438,0,3,435
19-004-001,861,574,0,574,0,4,570
19-004-002,805,532,0,532,0,10,522
19-005-001,137,96,0,96,0,3,93
19-006-001,392,329,0,328,-1,7,321
19-007-001,532,393,0,393,0,4,389
19-008-001,697,529,0,529,0,7,522
19-008-002,582,417,0,417,0,4,413
19-008-003,583,388,0,388,0,3,385
19-009-001,751,515,0,515,0,10,505
19-010-001,936,646,0,641,-5,7,634
19-011-001,590,371,0,370,-1,15,355
19-012-001,173,145,0,145,0,9,136
19-013-001,790,503,0,501,-2,8,493
19-014-001,367,251,0,251,0,10,241
19-015-001,335,209,0,209,0,4,205
19-016-001,53,36,0,36,0,0,36
19-017-001,154,92,0,92,0,1,91
19-018-001,671,440,0,440,0,12,428
19-019-001,225,154,0,154,0,4,150
19-020-001,482,252,0,252,0,7,245
19-021-001,620,397,0,397,0,12,385
19-022-001,1054,682,0,681,-1,4,677
19-022-002,1047,723,0,723,0,8,715
19-022-003,945,630,0,628,-2,7,621
19-022-004,953,605,0,605,0,6,599
19-022-005,1066,735,0,734,-1,4,730
19-022-006,1051,637,0,637,0,2,635
19-022-007,1027,666,0,665,-1,4,661
19-022-008,981,631,0,631,0,6,625
19-023-001,216,127,0,127,0,4,123
19-024-001,879,518,0,517,-1,12,505
19-025-001,1095,653,0,650,-3,6,644
19-026-001,1267,709,0,708,-1,11,697
19-026-002,1133,600,1,600,0,4,596
19-026-003,1453,772,0,772,0,7,765
19-026-004,1277,685,0,685,0,7,678
19-026-005,1629,1035,1,1035,0,6,1029
19-026-006,1334,798,0,798,0,5,793
19-026-007,1323,807,0,807,0,7,800
19-026-008,1474,969,0,968,-1,6,962
19-027-001,842,580,0,580,0,8,572
19-027-002,847,545,0,545,0,8,537
19-027-003,645,386,0,386,0,12,374
19-027-004,723,409,0,407,-2,5,402
19-027-005,666,455,0,455,0,4,451
19-028-001,127,109,0,109,0,2,107
19-029-001,771,528,0,528,0,4,524
19-029-002,707,445,0,444,-1,6,438
19-029-003,799,555,0,554,-1,6,548
19-030-001,176,130,0,130,0,0,130
19-031-001,434,314,0,313,-1,2,311
19-032-001,500,280,0,280,0,2,278
19-033-001,342,267,0,266,-1,6,260
19-035-001,102,77,0,77,0,1,76
19-036-001,348,217,0,217,0,6,211
19-037-001,553,392,1,392,0,5,387
19-038-001,830,314,0,314,0,7,307
19-038-002,815,317,0,317,0,5,312
19-038-003,821,298,0,298,0,2,296
19-038-004,917,454,0,454,0,4,450
19-038-005,588,285,0,285,0,3,282
19-038-006,566,336,0,336,0,6,330
19-039-001,221,185,0,185,0,7,178
19-040-001,164,104,0,104,0,2,102
19-041-001,75,68,0,68,0,1,67
19-042-001,301,205,0,205,0,5,200
19-043-001,600,421,0,421,0,3,418
19-044-001,651,463,0,463,0,6,457
19-044-002,621,395,0,395,0,24,371
19-044-003,704,398,0,398,0,18,380
19-044-004,271,74,0,74,0,1,73
19-044-005,54,46,0,46,0,0,46
19-045-001,655,292,0,292,0,8,284
19-046-001,241,184,0,184,0,6,178
19-047-001,408,280,0,280,0,1,279
19-048-001,754,547,0,548,1,31,517
19-048-002,751,586,0,585,-1,6,579
19-049-001,829,508,0,508,0,10,498
19-049-002,934,644,0,640,-4,18,622
19-050-001,752,430,0,429,-1,10,419
19-051-001,497,330,0,330,0,16,314
19-052-001,338,166,0,166,0,1,165
19-053-001,324,234,0,234,0,9,225
19-054-001,335,213,0,213,0,6,207
19-055-001,901,449,0,448,-1,7,441
19-055-002,907,450,0,450,0,5,445
19-055-003,830,490,0,490,0,9,481
19-055-004,850,464,0,464,0,14,450
19-056-001,372,227,0,225,-2,6,219
19-057-001,231,176,0,176,0,4,172
19-058-001,246,183,0,183,0,2,181
19-059-001,694,425,0,425,0,9,416
19-059-002,675,419,0,419,0,6,413
19-060-001,192,168,0,168,0,1,167
19-061-001,401,185,0,185,0,0,185
19-062-001,464,363,0,363,0,5,358
19-063-001,337,252,0,252,0,6,246
19-064-001,825,588,0,588,0,9,579
19-064-002,788,537,0,537,0,4,533
19-065-001,206,159,0,159,0,1,158
19-066-001,310,231,0,231,0,2,229
19-067-001,289,164,0,164,0,3,161
19-068-001,588,411,0,412,1,19,393
19-069-001,280,204,0,204,0,2,202
19-070-001,576,357,0,356,-1,7,349
19-071-001,909,490,0,491,1,17,474
19-071-002,715,374,0,374,0,6,368
19-071-003,794,267,0,267,0,5,262
19-072-001,927,534,0,534,0,12,522
19-073-001,542,374,0,374,0,7,367
19-074-001,149,112,0,112,0,0,112
19-075-001,226,164,0,164,0,1,163
19-076-001,726,524,0,522,-2,7,515
19-076-002,757,511,0,511,0,9,502
19-076-003,683,463,0,463,0,13,450
19-076-004,712,453,0,453,0,4,449
19-077-001,80,62,0,62,0,5,57
19-078-001,377,290,0,290,0,6,284
19-079-001,544,371,1,370,-1,9,361
19-080-001,77,71,0,71,0,4,67
19-081-001,275,202,0,202,0,7,195
19-082-001,572,406,0,406,0,5,401
19-083-001,282,191,0,190,-1,7,183
19-084-001,350,262,0,262,0,1,261
19-085-001,227,185,0,185,0,2,183
19-086-001,645,390,0,390,0,6,384
19-087-001,407,313,0,313,0,4,309
19-088-001,385,274,0,274,0,5,269
19-089-001,507,311,0,311,0,6,305
19-090-001,430,278,0,278,0,7,271
19-091-001,60,54,0,53,-1,3,50
19-092-001,391,260,0,260,0,3,257
19-093-001,299,212,0,212,0,8,204
19-094-001,87,64,0,64,0,6,58
19-095-001,90,67,0,67,0,1,66
19-096-001,995,665,0,665,0,11,654
19-097-001,64,37,0,37,0,0,37
19-098-001,97,68,0,68,0,2,66
19-099-001,571,313,0,313,0,7,306
19-100-001,282,162,0,161,-1,3,158
19-101-001,570,395,0,395,0,12,383
19-102-001,351,233,0,233,0,4,229
19-103-001,578,380,0,380,0,12,368
19-104-001,439,301,0,301,0,11,290
19-105-001,240,133,0,133,0,1,132
19-106-001,763,450,0,447,-3,2,445
19-107-001,753,353,0,353,0,4,349
19-108-001,859,585,0,585,0,10,575
19-108-002,898,577,0,577,0,12,565
19-109-001,440,313,0,313,0,14,299
19-110-001,929,630,0,630,0,16,614
19-111-001,368,261,0,261,0,5,256
19-112-001,398,227,0,227,0,3,224
19-113-001,1074,741,0,740,-1,28,712
19-114-001,433,288,0,288,0,6,282
19-115-001,305,238,0,238,0,9,229
19-116-001,408,289,0,289,0,7,282
19-116-002,205,148,0,148,0,4,144
19-117-001,628,397,0,397,0,7,390
19-117-002,761,552,0,552,0,5,547
19-118-001,24,10,0,10,0,0,10
19-119-001,226,144,0,142,-2,2,140
19-120-001,770,466,0,466,0,12,454
19-121-001,598,426,0,426,0,9,417
19-122-001,201,159,0,159,0,5,154
19-123-001,898,535,0,535,0,4,531
19-124-001,91,62,0,62,0,2,60
19-125-001,516,349,0,349,0,15,334
19-126-001,418,233,0,232,-1,4,228
19-127-001,259,151,0,151,0,0,151
19-128-001,936,571,0,571,0,18,553
19-129-001,450,357,0,355,-2,10,345
19-130-001,215,123,0,123,0,5,118
19-131-001,430,314,0,314,0,10,304
19-132-001,812,549,0,549,0,10,539
19-132-002,640,368,0,368,0,4,364
19-133-001,518,345,0,345,0,5,340
19-134-001,806,516,0,516,0,16,500
19-135-001,300,202,0,202,0,4,198
19-136-001,715,501,0,500,-1,11,489
19-137-001,823,425,0,425,0,3,422
19-137-002,807,545,0,545,0,6,539
19-137-003,790,490,0,490,0,8,482
19-138-001,283,191,0,191,0,4,187
19-139-001,100,86,0,86,0,2,84
19-140-001,797,492,0,491,-1,8,483
19-141-001,164,139,0,139,0,5,134
19-142-001,720,448,0,448,0,3,445
19-143-001,795,444,0,444,0,7,437
19-143-002,696,415,0,414,-1,13,401
19-144-001,843,606,0,606,0,10,596
19-145-001,119,87,0,87,0,7,80
19-146-001,46,29,0,29,0,1,28
19-147-001,157,92,0,92,0,4,88
19-148-001,142,112,0,112,0,3,109
19-149-001,1032,611,0,610,-1,5,605
19-149-002,807,421,0,420,-1,6,414
19-150-001,860,480,0,480,0,9,471
19-150-002,738,439,0,439,0,8,431
19-151-001,490,378,0,378,0,3,375
19-152-001,1058,548,0,548,0,20,528
19-152-002,177,100,0,100,0,2,98
19-153-001,788,440,0,440,0,6,434
19-153-002,691,373,0,373,0,7,366
19-153-003,734,335,0,335,0,1,334
19-153-004,674,423,0,423,0,4,419
19-153-005,711,501,0,501,0,2,499
19-153-006,905,499,0,499,0,4,495
19-153-007,891,533,0,532,-1,5,527
19-153-008,628,425,0,425,0,4,421
19-153-009,587,426,0,426,0,4,422
19-153-010,874,603,0,603,0,4,599
19-153-011,930,648,0,648,0,10,638
19-153-012,584,392,0,392,0,2,390
19-153-013,644,380,0,380,0,0,380
19-153-014,696,385,0,384,-1,4,380
19-153-015,1017,583,0,583,0,4,579
19-153-016,931,484,0,483,-1,11,472
19-153-017,596,373,0,372,-1,1,371
19-153-018,771,380,0,380,0,2,378
19-153-019,633,437,0,437,0,8,429
19-153-020,360,228,0,228,0,3,225
19-153-021,677,451,0,451,0,0,451
19-153-022,609,391,0,391,0,3,388
19-153-023,921,605,0,603,-2,7,596
19-153-024,754,452,0,452,0,5,447
19-153-025,646,400,0,400,0,5,395
19-153-026,621,362,0,362,0,5,357
19-153-027,652,391,0,390,-1,3,387
19-153-028,804,467,0,466,-1,2,464
19-153-029,804,422,0,422,0,2,420
19-153-030,898,413,0,412,-1,2,410
19-153-031,675,449,0,449,0,3,446
19-154-001,233,190,0,190,0,4,186
19-155-001,455,260,0,260,0,5,255
19-156-001,276,187,0,187,0,2,185
19-157-001,940,567,0,566,-1,19,547
19-158-001,504,367,0,367,0,4,363
19-159-001,285,224,0,224,0,0,224
19-160-001,1058,600,1,599,-1,6,593
19-160-002,725,363,0,363,0,3,360
19-160-003,790,480,0,480,0,10,470
19-160-004,1066,524,0,523,-1,6,517
19-161-001,382,310,0,310,0,8,302
19-162-001,149,98,0,98,0,1,97
19-163-001,305,156,0,156,0,5,151
19-164-001,215,152,0,152,0,9,143
19-165-001,1051,727,0,727,0,12,715
19-166-001,160,108,0,108,0,5,103
19-167-001,69,50,0,50,0,2,48
19-168-001,228,144,0,144,0,4,140
19-169-001,235,143,0,143,0,4,139
19-170-001,523,407,0,407,0,16,391
19-171-001,852,460,0,459,-1,10,449
19-172-001,74,53,0,53,0,4,49
19-173-001,436,320,0,320,0,4,316
19-174-001,736,462,0,461,-1,7,454
19-174-002,589,383,0,383,0,6,377
19-174-003,540,311,0,311,0,7,304
19-174-004,706,435,0,435,0,3,432
19-174-005,632,440,0,440,0,10,430
19-174-006,787,514,0,513,-1,11,502
19-174-007,698,393,1,393,0,10,383
19-175-001,500,329,0,329,0,7,322
19-176-001,397,284,0,284,0,1,283
19-177-001,372,187,0,187,0,0,187
19-178-001,188,159,0,159,0,2,157
19-179-001,795,375,0,374,-1,10,364
19-179-002,673,372,0,371,-1,6,365
19-179-003,710,350,0,350,0,5,345
19-180-001,146,97,0,97,0,4,93
19-181-001,98,71,0,71,0,0,71
19-182-001,842,468,0,468,0,7,461
19-182-002,839,506,0,506,0,14,492
19-183-001,781,499,0,498,-1,11,487
19-184-001,341,211,0,211,0,11,200
19-185-001,82,67,0,67,0,3,64
19-186-001,662,444,0,444,0,12,432
19-187-001,526,373,0,373,0,8,365
19-188-001,858,585,0,584,-1,5,579
19-188-002,879,491,0,491,0,6,485
19-188-003,1081,580,0,579,-1,9,570
19-188-004,733,429,0,429,0,7,422
19-188-005,841,543,0,543,0,5,538
19-188-006,752,481,0,481,0,6,475
19-188-007,810,483,0,483,0,10,473
19-188-008,773,541,1,539,-2,4,535
19-188-009,714,445,1,444,-1,4,440
19-188-010,910,504,0,503,-1,4,499
19-188-011,729,395,0,395,0,10,385
19-188-012,812,556,0,555,-1,5,550
19-188-013,744,500,0,499,-1,2,497
19-188-014,665,460,0,460,0,1,459
19-188-015,718,493,0,492,-1,9,483
19-189-001,716,503,0,503,0,6,497
19-190-001,1197,902,0,899,-3,7,892
19-191-001,1109,618,1,617,-1,16,601
19-192-001,464,288,0,288,0,4,284
19-193-001,1031,630,0,630,0,9,621
19-194-001,256,142,0,142,0,5,137
19-195-001,268,219,0,219,0,6,213
19-196-001,849,481,0,481,0,14,467
19-196-002,775,489,0,489,0,7,482
19-197-001,430,295,0,295,0,9,286
19-198-001,635,400,0,400,0,5,395
19-198-002,623,403,0,402,-1,6,396
19-199-001,155,117,0,117,0,2,115
19-200-001,1079,575,0,576,1,23,553
19-201-001,758,368,0,367,-1,7,360
19-201-002,882,405,0,405,0,3,402
19-201-003,729,430,0,430,0,5,425
19-201-004,903,516,0,516,0,8,508
19-201-005,1064,615,0,615,0,6,609
19-201-006,1022,574,0,572,-2,7,565
19-201-007,701,377,0,377,0,1,376
19-201-008,708,415,0,414,-1,4,410
19-201-009,663,390,0,390,0,2,388
19-201-010,668,322,0,321,-1,0,321
19-201-011,771,372,0,371,-1,4,367
19-201-012,711,362,0,361,-1,5,356
19-201-013,879,438,0,439,1,17,422
19-201-014,1105,683,0,682,-1,8,674
19-201-015,1106,656,1,655,-1,6,649
19-201-016,974,506,0,506,0,2,504
19-201-017,798,464,0,466,2,28,438
19-201-018,731,431,0,431,0,2,429
19-201-019,774,273,0,273,0,5,268
19-202-001,242,200,0,200,0,3,197
19-203-001,923,477,0,477,0,2,475
19-203-002,723,440,0,440,0,2,438
19-203-003,692,466,0,466,0,4,462
19-203-004,1132,774,0,774,0,6,768
19-203-005,776,559,0,559,0,1,558
19-203-006,661,464,0,464,0,4,460
19-203-007,784,567,0,566,-1,6,560
19-203-008,1004,697,1,696,-1,6,690
19-203-009,748,450,0,450,0,2,448
19-203-010,790,498,0,497,-1,4,493
19-203-011,882,641,0,639,-2,5,634
19-203-012,783,456,0,456,0,2,454
19-203-013,1081,739,0,739,0,3,736
19-203-014,737,515,0,513,-2,4,509
19-203-015,523,313,0,312,-1,1,311
19-203-016,610,352,0,352,0,6,346
19-203-017,558,396,0,396,0,0,396
19-203-018,652,427,0,427,0,3,424
19-203-019,632,455,0,455,0,6,449
19-203-020,638,477,0,477,0,5,472
19-203-021,799,556,0,556,0,3,553
19-203-022,698,379,0,379,0,1,378
19-203-023,736,458,0,458,0,7,451
19-203-024,976,606,0,606,0,4,602
19-203-025,1021,632,0,632,0,5,627
19-203-026,942,578,0,578,0,4,574
19-203-027,998,641,0,641,0,2,639
19-203-028,568,276,0,275,-1,3,272
19-203-029,740,508,0,506,-2,5,501
19-203-030,698,476,0,476,0,5,471
19-203-031,982,675,0,675,0,4,671
19-203-032,903,630,0,627,-3,0,627
19-203-033,606,303,0,303,0,3,300
19-203-034,866,456,0,456,0,4,452
19-203-035,794,435,1,436,1,13,423
19-203-036,777,391,0,391,0,3,388
19-203-037,560,274,0,274,0,3,271
19-203-038,711,365,0,365,0,3,362
19-203-039,612,322,0,322,0,0,322
19-203-040,817,456,0,456,0,1,455
19-203-041,520,236,0,236,0,2,234
19-203-042,585,311,0,311,0,2,309
19-203-043,702,350,0,349,-1,2,347
19-203-044,860,421,0,420,-1,1,419
19-203-045,699,381,0,381,0,0,381
19-203-046,566,316,0,315,-1,0,315
19-203-047,539,338,0,337,-1,1,336
19-203-048,426,279,0,279,0,3,276
19-203-049,729,458,0,457,-1,3,454
19-203-050,1154,723,0,723,0,2,721
19-203-051,845,509,0,508,-1,1,507
19-203-052,222,147,0,147,0,0,147
19-203-053,1228,773,0,773,0,2,771
19-203-054,799,534,0,534,0,4,530
19-203-055,733,473,0,473,0,2,471
19-203-056,735,433,0,433,0,3,430
19-204-001,205,161,0,161,0,6,155
19-205-001,229,168,0,168,0,11,157
19-206-001,89,55,0,55,0,0,55
19-207-001,150,100,0,100,0,3,97
19-208-001,577,350,0,350,0,11,339
19-209-001,182,154,0,154,0,6,148
19-210-001,111,108,0,107,-1,3,104
19-211-001,211,154,0,154,0,3,151
19-212-001,341,177,1,177,0,6,171
19-213-001,1018,612,0,612,0,13,599
19-214-001,50,31,0,31,0,0,31
19-215-001,126,107,0,107,0,0,107
19-216-001,846,605,0,604,-1,19,585
19-217-001,704,426,0,426,0,9,417
19-217-002,689,367,0,366,-1,4,362
19-217-003,733,439,0,439,0,10,429
19-217-004,713,419,0,417,-2,4,413
19-217-005,806,523,0,522,-1,0,522
19-217-006,673,405,1,404,-1,3,401
19-217-007,958,628,0,628,0,2,626
19-218-001,1037,765,0,765,0,18,747
20-001-001,332,253,0,253,0,4,249
20-002-001,60,51,0,51,0,0,51
20-003-001,539,377,0,377,0,11,366
20-004-001,1203,812,0,812,0,11,801
20-005-001,250,150,0,150,0,4,146
20-006-001,45,44,0,44,0,1,43
20-007-001,432,251,0,251,0,5,246
20-008-001,28,27,0,27,0,0,27
20-009-001,972,523,0,523,0,7,516
20-010-001,641,415,0,415,0,0,415
20-010-002,641,420,0,420,0,7,413
20-011-001,284,187,0,187,0,5,182
20-012-001,1101,832,0,829,-3,11,818
20-013-001,355,236,0,236,0,6,230
20-014-001,99,71,0,71,0,1,70
20-015-001,291,166,0,166,0,9,157
20-016-001,468,336,0,336,0,8,328
20-017-001,452,309,0,309,0,8,301
20-017-002,102,69,0,69,0,1,68
20-018-001,604,312,0,312,0,2,310
20-018-002,567,365,0,365,0,4,361
20-018-003,460,256,0,256,0,4,252
20-019-001,629,420,0,420,0,4,416
20-020-001,557,349,0,349,0,13,336
20-021-001,106,100,0,98,-2,4,94
20-022-001,112,101,0,101,0,2,99
20-023-001,934,578,0,578,0,7,571
20-024-001,232,94,0,94,0,2,92
20-025-001,281,230,0,230,0,2,228
20-026-001,551,365,0,365,0,2,363
20-027-001,216,114,0,114,0,2,112
20-028-001,215,150,0,150,0,3,147
20-029-001,45,43,0,43,0,1,42
20-030-001,36,22,0,22,0,0,22
20-031-001,570,438,0,438,0,2,436
20-032-001,176,139,0,139,0,6,133
20-033-001,126,68,0,68,0,2,66
20-034-001,424,276,0,276,0,1,275
20-035-001,798,525,0,525,0,7,518
20-035-002,942,603,0,602,-1,7,595
20-035-003,815,559,0,559,0,7,552
20-036-001,28,15,0,15,0,0,15
20-037-001,679,522,0,522,0,9,513
20-038-001,276,208,0,208,0,3,205
20-039-001,59,52,0,52,0,3,49
20-040-001,485,274,0,274,0,3,271
20-041-001,299,197,0,197,0,2,195
20-042-001,350,254,0,254,0,4,250
20-043-001,122,85,0,85,0,2,83
20-044-001,129,111,0,111,0,7,104
20-045-001,69,44,0,44,0,0,44
20-046-001,27,21,0,21,0,0,21
20-047-001,253,207,0,207,0,4,203
20-048-001,848,505,0,505,0,4,501
20-049-001,531,371,0,370,-1,9,361
20-050-001,341,214,0,214,0,2,212
20-051-001,574,406,0,406,0,10,396
20-052-001,605,439,0,438,-1,8,430
20-053-001,15,15,0,15,0,0,15
20-054-001,526,247,0,247,0,2,245
20-055-001,107,80,0,80,0,2,78
20-056-001,922,475,0,472,-3,8,464
20-057-001,516,336,0,336,0,12,324
20-058-001,51,47,0,47,0,1,46
20-059-001,762,530,0,530,0,8,522
20-059-002,461,315,0,315,0,3,312
20-060-001,850,589,0,589,0,14,575
20-061-001,201,117,0,117,0,3,114
20-062-001,72,58,0,58,0,0,58
20-063-001,52,44,0,44,0,4,40
20-064-001,51,32,0,32,0,1,31
20-065-001,236,192,0,192,0,5,187
20-066-001,603,415,0,415,0,6,409
20-066-002,184,97,0,97,0,0,97
20-067-001,1097,609,0,608,-1,6,602
20-067-002,1070,696,0,693,-3,5,688
20-067-003,998,574,0,574,0,1,573
20-068-001,58,34,0,34,0,0,34
20-069-001,244,191,0,191,0,3,188
20-070-001,335,159,0,159,0,4,155
20-070-002,411,230,0,230,0,5,225
20-070-003,97,59,0,59,0,0,59
20-071-001,79,71,0,71,0,2,69
20-072-001,763,549,0,550,1,19,531
20-072-002,654,416,0,417,1,12,405
20-072-003,781,534,0,534,0,2,532
20-072-004,699,502,0,501,-1,10,491
20-072-005,952,681,0,681,0,13,668
20-073-001,212,105,0,105,0,1,104
20-074-001,141,109,0,109,0,3,106
20-075-001,278,207,0,207,0,2,205
20-076-001,17,17,0,17,0,0,17
20-077-001,225,161,0,161,0,8,153
20-078-001,164,121,0,121,0,1,120
20-079-001,79,61,0,61,0,0,61
20-080-001,555,366,0,366,0,7,359
20-081-001,106,89,0,89,0,1,88
20-082-001,96,73,0,73,0,2,71
20-083-001,188,135,0,135,0,3,132
20-084-001,628,426,0,426,0,8,418
20-084-002,286,211,0,211,0,0,211
20-085-001,390,206,0,206,0,4,202
20-086-001,70,45,0,45,0,0,45
20-087-001,192,101,0,101,0,3,98
20-088-001,231,156,0,156,0,4,152
20-089-001,110,100,0,100,0,2,98
20-090-001,97,78,0,78,0,2,76
20-091-001,178,137,0,135,-2,1,134
20-092-001,136,108,0,108,0,1,107
20-093-001,879,518,0,518,0,2,516
20-093-002,722,399,0,399,0,3,396
20-093-003,894,488,0,488,0,2,486
20-093-004,905,601,0,600,-1,4,596
20-093-005,880,575,0,573,-2,6,567
20-093-006,1088,648,0,647,-1,2,645
20-093-007,558,334,0,334,0,0,334
20-093-008,782,510,0,511,1,18,493
20-093-009,698,442,0,442,0,3,439
20-093-010,944,603,0,603,0,4,599
20-093-011,994,641,0,641,0,5,636
20-093-012,788,534,0,534,0,2,532
20-093-013,919,548,0,546,-2,3,543
20-093-014,1012,498,0,498,0,3,495
20-093-015,952,501,0,499,-2,6,493
20-093-016,983,524,0,524,0,3,521
20-093-017,999,636,0,634,-2,2,632
20-094-001,178,131,0,131,0,4,127
20-095-001,369,292,0,291,-1,5,286
20-096-001,138,119,0,119,0,5,114
20-097-001,151,111,0,111,0,6,105
20-098-001,161,123,0,123,0,0,123
20-099-001,230,184,0,184,0,2,182
20-100-001,142,83,0,82,-1,1,81
20-101-001,134,75,0,75,0,3,72
20-102-001,129,97,0,97,0,3,94
20-103-001,129,126,0,125,-1,5,120
20-104-001,25,25,0,25,0,1,24
20-105-001,378,295,0,295,0,10,285
20-106-001,62,53,0,53,0,1,52
20-107-001,379,261,0,261,0,1,260
20-108-001,43,19,0,19,0,0,19
20-109-001,27,23,0,23,0,2,21
20-110-001,71,58,0,58,0,2,56
20-111-001,971,644,0,644,0,5,639
20-111-002,901,652,0,652,0,5,647
20-111-003,595,444,0,444,0,6,438
20-111-004,742,497,0,497,0,8,489
20-111-005,579,408,0,408,0,2,406
20-111-006,903,678,0,677,-1,5,672
20-111-007,430,307,0,307,0,5,302
20-111-008,269,204,0,204,0,0,204
20-111-009,256,174,0,174,0,1,173
20-111-010,215,162,0,162,0,7,155
20-111-011,132,82,0,82,0,2,80
20-112-001,642,387,0,387,0,4,383
20-112-002,764,446,0,445,-1,6,439
20-112-003,754,463,0,463,0,10,453
20-112-004,607,322,0,322,0,17,305
20-112-005,488,322,0,321,-1,8,313
20-113-001,157,99,0,99,0,0,99
20-114-001,53,47,0,47,0,1,46
20-115-001,64,38,0,38,0,0,38
20-115-002,146,104,0,104,0,2,102
20-116-001,298,172,0,172,0,4,168
20-117-001,930,604,0,603,-1,11,592
20-118-001,63,53,0,49,-4,0,49
20-119-001,212,121,0,120,-1,2,118
20-120-001,362,241,0,241,0,1,240
20-121-001,75,65,0,65,0,3,62
20-122-001,71,66,0,66,0,1,65
20-123-001,567,342,0,342,0,6,336
20-124-001,295,211,0,211,0,6,205
20-125-001,224,145,0,145,0,1,144
20-126-001,258,199,0,199,0,3,196
20-127-001,223,156,0,156,0,3,153
20-128-001,572,341,0,341,0,3,338
20-129-001,808,416,0,415,-1,7,408
20-129-002,531,250,0,250,0,4,246
20-130-001,186,111,0,111,0,3,108
20-131-001,176,138,0,138,0,6,132
20-131-002,90,69,0,69,0,0,69
20-131-003,90,62,0,62,0,0,62
20-132-001,325,190,0,190,0,1,189
20-133-001,148,98,0,98,0,3,95
20-134-001,827,537,0,537,0,1,536
20-134-002,1038,704,0,703,-1,3,700
20-134-003,769,426,0,426,0,1,425
20-134-004,1122,592,0,589,-3,1,588
20-134-005,973,599,1,602,3,33,569
20-134-006,984,580,0,580,0,2,578
20-134-007,634,367,0,367,0,0,367
20-134-008,923,464,0,464,0,2,462
20-134-009,1099,619,0,617,-2,4,613
20-134-010,982,607,0,603,-4,7,596
20-134-011,782,495,0,496,1,11,485
20-134-012,763,429,0,432,3,29,403
20-134-013,866,573,0,573,0,3,570
20-134-014,968,504,0,504,0,4,500
20-134-015,1091,646,0,644,-2,1,643
20-134-016,847,247,0,247,0,0,247
20-134-017,226,96,0,96,0,0,96
20-134-018,990,590,0,590,0,3,587
20-134-019,908,457,0,457,0,4,453
20-134-020,772,405,0,404,-1,1,403
20-134-021,745,381,0,379,-2,6,373
20-134-022,967,510,0,510,0,5,505
20-134-023,1012,538,0,537,-1,3,534
20-134-024,698,386,0,385,-1,1,384
20-134-025,753,373,0,373,0,6,367
20-134-026,1157,534,1,533,-1,5,528
20-134-027,1143,632,0,632,0,0,632
20-134-028,1044,547,0,546,-1,3,543
20-134-029,1053,575,0,575,0,2,573
20-134-030,925,449,0,448,-1,8,440
20-134-031,699,420,0,420,0,1,419
20-134-032,805,555,0,554,-1,2,552
20-134-033,880,540,0,539,-1,3,536
20-134-034,1205,758,0,764,6,63,701
20-134-035,1171,681,0,681,0,5,676
20-134-036,494,249,0,249,0,1,248
20-134-037,807,494,0,493,-1,3,490
20-134-038,855,500,0,500,0,3,497
20-134-039,1109,641,0,639,-2,1,638
20-134-040,1078,580,0,579,-1,3,576
20-135-001,708,423,0,423,0,8,415
20-136-001,357,267,0,267,0,3,264
20-137-001,413,262,0,262,0,4,258
20-138-001,442,263,0,263,0,5,258
20-139-001,366,243,0,243,0,7,236
20-140-001,901,598,0,598,0,6,592
20-141-001,393,225,0,225,0,4,221
20-142-001,562,341,0,341,0,4,337
20-143-001,213,140,0,140,0,3,137
20-144-001,111,92,0,92,0,1,91
20-145-001,220,177,0,177,0,4,173
20-146-001,254,190,0,189,-1,4,185
20-147-001,235,152,0,152,0,1,151
20-148-001,209,119,0,119,0,3,116
20-149-001,161,121,0,121,0,3,118
20-150-001,607,452,0,452,0,5,447
20-151-001,171,126,0,126,0,10,116
20-152-001,86,52,0,52,0,1,51
20-153-001,90,76,0,76,0,4,72
20-154-001,292,184,0,184,0,5,179
20-155-001,93,64,0,64,0,3,61
20-156-001,142,119,0,119,0,2,117
20-157-001,434,310,0,309,-1,8,301
20-158-001,625,392,0,392,0,6,386
20-158-002,639,475,0,475,0,8,467
20-159-001,97,68,0,68,0,1,67
20-160-001,683,434,0,434,0,6,428
20-161-001,138,105,0,105,0,5,100
20-162-001,760,524,0,524,0,4,520
20-162-002,105,58,0,58,0,1,57
20-163-001,128,103,0,103,0,4,99
20-164-001,342,168,0,168,0,2,166
20-165-001,287,225,0,225,0,4,221
20-166-001,290,215,0,215,0,9,206
20-167-001,763,473,0,473,0,2,471
20-168-001,215,172,0,172,0,3,169
20-169-001,631,384,0,384,0,2,382
20-170-001,292,136,0,136,0,3,133
20-171-001,46,35,0,35,0,0,35
20-172-001,219,184,0,184,0,4,180
20-173-001,17,17,0,17,0,0,17
20-174-001,135,109,0,105,-4,4,101
20-175-001,424,304,0,304,0,4,300
20-176-001,459,384,0,384,0,11,373
20-177-001,23,17,0,17,0,1,16
20-178-001,220,166,0,166,0,6,160
20-179-001,1064,577,0,577,0,13,564
20-180-001,785,541,1,540,-1,4,536
20-181-001,328,200,0,200,0,7,193
20-182-001,489,331,0,331,0,3,328
20-183-001,315,134,0,134,0,5,129
20-184-001,611,361,0,361,0,3,358
20-185-001,772,463,1,460,-3,2,458
20-185-002,720,425,0,423,-2,3,420
20-186-001,463,259,0,259,0,2,257
20-187-001,53,39,0,39,0,0,39
20-188-001,661,457,0,457,0,9,448
20-189-001,545,304,0,304,0,6,298
20-189-002,643,387,0,387,0,4,383
20-190-001,473,388,0,389,1,26,363
20-191-001,458,348,0,348,0,4,344
20-192-001,154,125,0,125,0,3,122
20-193-001,297,163,0,163,0,2,161
20-194-001,308,231,0,231,0,8,223
20-195-001,75,67,0,65,-2,0,65
20-196-001,233,164,0,164,0,5,159
20-197-001,67,53,0,53,0,3,50
20-198-001,100,53,0,53,0,4,49
20-199-001,674,291,0,291,0,10,281
20-200-001,591,385,0,385,0,8,377
20-200-002,651,383,0,382,-1,4,378
20-201-001,172,143,0,143,0,1,142
20-202-001,23,23,0,23,0,3,20
20-203-001,151,125,0,125,0,4,121
20-204-001,993,616,0,616,0,3,613
20-205-001,83,72,0,72,0,0,72
20-205-002,49,41,0,41,0,0,41
20-206-001,261,173,0,173,0,5,168
20-207-001,441,254,0,254,0,1,253
20-208-001,543,375,0,375,0,7,368
20-209-001,649,378,0,378,0,2,376
20-210-001,415,269,0,269,0,4,265
20-210-002,486,265,0,265,0,2,263
20-211-001,550,232,0,232,0,8,224
20-211-002,720,413,0,414,1,20,394
20-212-001,783,388,0,387,-1,5,382
20-213-001,51,46,0,46,0,2,44
20-214-001,478,389,0,387,-2,8,379
20-215-001,237,200,0,200,0,1,199
20-215-002,56,45,0,45,0,0,45
20-216-001,102,84,0,84,0,1,83
20-217-001,153,83,0,83,0,3,80
20-218-001,836,544,0,543,-1,4,539
20-219-001,97,89,0,89,0,3,86
20-220-001,63,46,0,46,0,0,46
20-221-001,280,236,0,236,0,5,231
20-222-001,1064,762,0,761,-1,19,742
20-222-002,951,678,0,682,4,42,640
20-223-001,69,51,0,51,0,0,51
20-224-001,154,105,0,105,0,1,104
20-225-001,584,346,0,346,0,6,340
20-225-002,629,405,0,405,0,4,401
20-226-001,500,346,0,346,0,7,339
20-227-001,557,353,0,353,0,8,345
20-228-001,302,201,0,201,0,3,198
20-229-001,806,429,0,429,0,8,421
20-230-001,397,280,0,280,0,6,274
20-231-001,723,415,0,415,0,1,414
20-231-002,901,556,0,556,0,5,551
20-231-003,1123,702,0,701,-1,4,697
20-231-004,1216,751,0,751,0,9,742
20-231-005,748,402,0,402,0,1,401
20-231-006,1296,781,0,783,2,23,760
20-231-007,718,414,0,414,0,5,409
20-231-008,610,347,0,347,0,5,342
20-231-009,929,531,0,531,0,5,526
20-231-010,787,468,0,468,0,2,466
20-231-011,656,386,0,387,1,13,374
20-231-012,923,527,0,526,-1,1,525
20-231-013,1091,672,0,670,-2,2,668
20-231-014,878,485,0,485,0,2,483
20-231-015,835,463,0,463,0,1,462
20-231-016,1095,598,0,598,0,3,595
20-231-017,890,553,0,552,-1,3,549
20-231-018,843,539,0,537,-2,33,504
20-231-019,840,518,0,519,1,14,505
20-231-020,902,561,0,560,-1,5,555
20-231-021,1077,698,0,696,-2,3,693
20-231-022,841,490,0,490,0,4,486
20-231-023,1056,736,0,735,-1,5,730
20-231-024,496,281,1,281,0,1,280
20-231-025,590,359,0,359,0,3,356
20-231-026,1424,878,0,878,0,2,876
20-231-027,867,446,0,446,0,0,446
20-231-028,1340,733,0,733,0,5,728
20-231-029,807,477,0,477,0,1,476
20-231-030,525,229,0,229,0,1,228
20-231-031,603,298,0,298,0,3,295
20-231-032,705,380,0,380,0,2,378
20-231-033,734,385,0,385,0,5,380
20-231-034,887,533,0,533,0,2,531
20-231-035,819,513,0,513,0,0,513
20-231-036,922,548,0,548,0,4,544
20-231-037,961,591,0,590,-1,8,582
20-231-038,782,461,0,461,0,3,458
20-231-039,770,441,0,441,0,3,438
20-231-040,1002,639,0,636,-3,6,630
20-231-041,995,613,0,613,0,3,610
20-231-042,634,391,0,391,0,4,387
20-231-043,871,528,0,528,0,5,523
20-231-044,889,541,0,541,0,9,532
20-231-045,764,411,0,411,0,1,410
20-231-046,764,459,0,459,0,4,455
20-231-047,637,416,0,416,0,1,415
20-231-048,1321,783,0,783,0,6,777
20-231-049,968,600,0,600,0,6,594
20-231-050,678,407,0,406,-1,3,403
20-231-051,628,404,0,404,0,5,399
20-232-001,300,225,0,225,0,2,223
20-233-001,73,56,0,56,0,0,56
20-234-001,301,207,0,207,0,2,205
20-235-001,915,570,0,570,0,6,564
20-235-002,1141,625,0,624,-1,5,619
20-236-001,677,351,0,351,0,7,344
20-236-002,655,382,0,382,0,11,371
20-236-003,718,461,0,461,0,13,448
20-237-001,31,31,0,31,0,0,31
20-238-001,478,298,0,298,0,3,295
20-238-002,535,363,0,363,0,5,358
20-238-003,481,284,0,284,0,5,279
20-238-004,507,294,0,294,0,4,290
20-238-005,198,121,0,121,0,0,121
20-238-006,73,47,0,47,0,0,47
20-239-001,150,118,0,118,0,1,117
20-240-001,112,88,0,88,0,0,88
20-241-001,428,286,0,283,-3,1,282
20-242-001,754,502,0,502,0,14,488
20-243-001,660,469,0,469,0,8,461
20-244-001,607,351,0,351,0,7,344
20-244-002,659,443,0,442,-1,7,435
20-244-003,737,457,0,457,0,3,454
20-244-004,987,620,0,620,0,7,613
20-244-005,459,278,0,278,0,6,272
20-244-006,504,296,0,296,0,2,294
20-244-007,134,72,0,72,0,1,71
20-244-008,262,147,0,147,0,3,144
20-244-009,218,103,0,103,0,1,102
20-244-010,388,235,0,235,0,3,232
20-245-001,345,253,0,253,0,2,251
20-246-001,811,461,0,461,0,3,458
20-247-001,235,161,0,161,0,7,154
20-248-001,385,272,0,272,0,3,269
20-248-002,214,122,0,122,0,1,121
20-249-001,216,164,0,164,0,1,163
20-250-001,62,50,0,50,0,0,50
20-251-001,804,514,0,514,0,7,507
20-252-001,40,37,0,37,0,1,36
20-253-001,483,348,0,348,0,4,344
20-254-001,76,70,0,70,0,4,66
20-255-001,710,432,0,432,0,12,420
20-256-001,282,189,0,189,0,9,180
20-257-001,37,25,0,25,0,0,25
20-258-001,361,216,0,216,0,4,212
